episode,total_reward,steps,epsilon,success,grid_size,obstacle_ratio_max,blind_ratio,success_rate,path_len,blind_step_ratio,shortest_path_ratio,loss
1,-150.99999999999997,21,1.0,0,50,0.1,0.05,0.0,21,0.047619047619047616,2.625,0.0
2,-100.89999999999999,19,1.0,0,50,0.1,0.05,0.0,19,0.0,2.375,0.0
3,-200,66,0.9175152161429493,0,50,0.1,0.05,0.0,66,0.09090909090909091,8.25,0.0
4,-116.35000000000001,28,0.867497898521388,0,50,0.1,0.05,0.0,28,0.0,3.5,0.0
5,-147.14999999999995,44,0.7943506368216747,0,50,0.1,0.05,0.0,44,0.045454545454545456,5.5,0.0
6,-200,121,0.6234587777768731,0,50,0.1,0.05,0.0,121,0.10743801652892562,15.125,0.0
7,519.1999999999999,16,0.6038045820743151,1,50,0.1,0.05,0.14285714285714285,17,0.058823529411764705,2.125,0.0
8,-200,47,0.5495811707752447,0,50,0.1,0.05,0.125,47,0.10638297872340426,5.875,0.0
9,-200,111,0.44007016671544363,0,50,0.1,0.05,0.1111111111111111,111,0.02702702702702703,13.875,0.0
10,-200,123,0.3440158925272557,0,50,0.1,0.05,0.1,123,0.056910569105691054,15.375,0.0
11,-126.45,30,0.3239625022807223,0,50,0.1,0.05,0.09090909090909091,30,0.03333333333333333,3.75,0.0
12,-94.69999999999997,95,0.2678527854809923,0,50,0.1,0.05,0.08333333333333333,95,0.010526315789473684,3.9583333333333335,0.0
13,-151.5,31,0.25173462037998157,0,50,0.1,0.05,0.07692307692307693,31,0.0,0.8157894736842105,0.0
14,-158.94999999999982,80,0.21447972789086267,0,50,0.1,0.05,0.07142857142857142,80,0.025,3.3333333333333335,0.0
15,-188.94999999999987,80,0.18273828846704246,0,50,0.1,0.05,0.06666666666666667,80,0.0125,2.1052631578947367,0.0
16,-104.99999999999947,300,0.10022866347613922,0,50,0.1,0.05,0.0625,301,0.0033222591362126247,37.625,0.0
17,25.000000000000455,300,0.05497361864601766,0,50,0.1,0.05,0.058823529411764705,301,0.0033222591362126247,12.541666666666666,0.0
18,-64.99999999999977,300,0.05,0,50,0.1,0.05,0.05555555555555555,301,0.0033222591362126247,12.541666666666666,0.0
19,-91.0,21,0.05,0,50,0.1,0.05,0.05263157894736842,21,0.0,2.625,0.0
20,-44.99999999999963,300,0.05,0,50,0.1,0.05,0.05,301,0.006644518272425249,10.379310344827585,0.0
21,-200,300,0.05,0,50,0.1,0.05,0.047619047619047616,301,0.04983388704318937,7.341463414634147,0.0
22,15.899999999999594,83,0.05,0,50,0.1,0.05,0.045454545454545456,83,0.0,2.024390243902439,0.0
23,-44.999999999999424,300,0.05,0,50,0.1,0.05,0.043478260869565216,301,0.0033222591362126247,10.379310344827585,0.0
24,-117.99999999999999,161,0.05,0,50,0.1,0.05,0.041666666666666664,161,0.0,20.125,0.0
25,264.9999999999975,300,0.05,0,50,0.1,0.05,0.04,301,0.0033222591362126247,4.492537313432836,0.0
26,-54.150000000000176,184,0.05,0,50,0.1,0.05,0.038461538461538464,184,0.005434782608695652,4.487804878048781,0.0
27,194.99999999999778,300,0.05,0,50,0.1,0.05,0.037037037037037035,301,0.009966777408637873,4.492537313432836,0.0
28,-4.999999999999512,300,0.05,0,50,0.1,0.05,0.03571428571428571,301,0.04318936877076412,4.492537313432836,0.0
29,-64.99999999999936,300,0.05,0,50,0.1,0.05,0.034482758620689655,301,0.0,50.166666666666664,0.0
30,164.99999999999713,300,0.05,0,50,0.1,0.05,0.03333333333333333,301,0.0,7.341463414634147,0.0
31,529.5,210,0.05,1,50,0.1,0.05,0.06451612903225806,211,0.0,26.375,0.0
32,-15.000000000000092,300,0.05,0,50,0.1,0.05,0.0625,301,0.0033222591362126247,50.166666666666664,0.0
33,-40.24999999999976,106,0.05,0,50,0.1,0.05,0.06060606060606061,106,0.0,4.416666666666667,0.0
34,635.0500000000003,199,0.05,1,50,0.1,0.05,0.08823529411764706,200,0.0,6.896551724137931,0.0
35,640.4499999999999,91,0.05,1,50,0.1,0.05,0.11428571428571428,92,0.0,3.1724137931034484,22.88226318359375
36,726.4999999999995,70,0.05,1,50,0.1,0.05,0.1388888888888889,71,0.0,1.5434782608695652,0.0
37,641.4500000000002,71,0.05,1,50,0.1,0.05,0.16216216216216217,72,0.0,2.4827586206896552,0.0
38,95.00000000000082,300,0.05,0,50,0.1,0.05,0.15789473684210525,301,0.0,12.541666666666666,0.0
39,519.9,202,0.05,1,50,0.1,0.05,0.1794871794871795,203,0.0,33.833333333333336,0.0
40,642.3499999999995,253,0.05,1,50,0.1,0.05,0.2,254,0.0,8.193548387096774,3993.742431640625
41,723.3999999999988,132,0.05,1,50,0.1,0.05,0.21951219512195122,133,0.0,2.891304347826087,0.0
42,574.2000000000002,116,0.05,1,50,0.1,0.05,0.23809523809523808,117,0.017094017094017096,4.875,0.0
43,614.2500000000006,215,0.05,1,50,0.1,0.05,0.2558139534883721,216,0.004629629629629629,7.448275862068965,0.0
44,715.099999999997,298,0.05,1,50,0.1,0.05,0.2727272727272727,299,0.0,6.5,0.0
45,204.99999999999693,300,0.05,0,50,0.1,0.05,0.26666666666666666,301,0.0,6.543478260869565,16.42930793762207
46,528.0,40,0.05,1,50,0.1,0.05,0.2826086956521739,41,0.0,6.833333333333333,0.0
47,-37.149999999999935,44,0.05,0,50,0.1,0.05,0.2765957446808511,44,0.0,1.8333333333333333,0.0
48,75.00000000000074,300,0.05,0,50,0.1,0.05,0.2708333333333333,301,0.0033222591362126247,12.04,0.0
49,724.0999999999991,118,0.05,1,50,0.1,0.05,0.2857142857142857,119,0.0,2.5869565217391304,0.0
50,703.999999999999,120,0.05,1,50,0.1,0.05,0.3,121,0.008264462809917356,2.630434782608696,19.97299575805664
51,9.89999999999938,203,0.05,0,50,0.1,0.05,0.29411764705882354,203,0.009852216748768473,5.342105263157895,0.0
52,-65.00000000000124,300,0.05,0,50,0.1,0.05,0.28846153846153844,301,0.053156146179401995,4.492537313432836,0.0
53,-85.45,10,0.05,0,50,0.1,0.05,0.2830188679245283,10,0.0,0.21739130434782608,0.0
54,95.00000000000028,300,0.05,0,50,0.1,0.05,0.2777777777777778,301,0.006644518272425249,6.840909090909091,0.0
55,184.9999999999978,300,0.05,0,50,0.1,0.05,0.2727272727272727,301,0.0,6.840909090909091,22.980464935302734
56,-61.899999999999935,39,0.05,0,50,0.1,0.05,0.26785714285714285,39,0.0,1.56,0.0
57,-70.15,104,0.05,0,50,0.1,0.05,0.2631578947368421,104,0.0,2.260869565217391,0.0
58,75.00000000000077,300,0.05,0,50,0.1,0.05,0.25862068965517243,301,0.016611295681063124,6.840909090909091,0.0
59,5.000000000000003,300,0.05,0,50,0.1,0.05,0.2542372881355932,301,0.0033222591362126247,12.541666666666666,0.0
60,373.94999999999914,221,0.05,1,50,0.1,0.05,0.26666666666666666,222,0.05855855855855856,7.655172413793103,83.81697082519531
61,-46.64999999999993,34,0.05,0,50,0.1,0.05,0.26229508196721313,34,0.0,1.4166666666666667,0.0
62,-40.59999999999999,13,0.05,0,50,0.1,0.05,0.25806451612903225,13,0.0,0.4482758620689655,0.0
63,115.00000000000081,300,0.05,0,50,0.1,0.05,0.25396825396825395,301,0.006644518272425249,6.543478260869565,0.0
64,5.000000000000051,300,0.05,0,50,0.1,0.05,0.25,301,0.0,37.625,0.0
65,54.9999999999998,101,0.05,0,50,0.1,0.05,0.24615384615384617,101,0.0,2.6578947368421053,18.6579532623291
66,496.4,72,0.05,1,50,0.1,0.05,0.25757575757575757,73,0.0273972602739726,9.125,0.0
67,467.85000000000025,143,0.05,1,50,0.1,0.05,0.26865671641791045,144,0.013888888888888888,48.0,0.0
68,164.99999999999693,300,0.05,0,50,0.1,0.05,0.2647058823529412,301,0.0,6.840909090909091,0.0
69,495.69999999999993,86,0.05,1,50,0.1,0.05,0.2753623188405797,87,0.022988505747126436,10.875,0.0
70,677.1499999999987,157,0.05,1,50,0.1,0.05,0.2857142857142857,158,0.006329113924050633,3.8536585365853657,4436.62158203125
71,304.99999999999693,300,0.05,0,50,0.1,0.05,0.28169014084507044,301,0.0,4.492537313432836,0.0
72,538.9,22,0.05,1,50,0.1,0.05,0.2916666666666667,23,0.0,2.875,0.0
73,538.6999999999999,26,0.05,1,50,0.1,0.05,0.3013698630136986,27,0.0,3.375,0.0
74,45.00000000000074,300,0.05,0,50,0.1,0.05,0.2972972972972973,301,0.0033222591362126247,12.04,0.0
75,493.24999999999994,35,0.05,1,50,0.1,0.05,0.30666666666666664,36,0.027777777777777776,12.0,5375.5556640625
76,563.1,138,0.05,1,50,0.1,0.05,0.3157894736842105,139,0.05755395683453238,3.0217391304347827,0.0
77,496.70000000000016,266,0.05,1,50,0.1,0.05,0.3246753246753247,267,0.033707865168539325,7.026315789473684,0.0
78,446.30000000000007,74,0.05,1,50,0.1,0.05,0.3333333333333333,75,0.05333333333333334,12.5,0.0
79,826.2499999999985,175,0.05,1,50,0.1,0.05,0.34177215189873417,176,0.0,2.626865671641791,0.0
80,-4.999999999999308,300,0.05,0,50,0.1,0.05,0.3375,301,0.006644518272425249,12.04,3532.4931640625
81,477.0500000000003,159,0.05,1,50,0.1,0.05,0.345679012345679,160,0.05,5.517241379310345,0.0
82,621.6500000000001,67,0.05,1,50,0.1,0.05,0.35365853658536583,68,0.0,2.72,0.0
83,512.9000000000002,142,0.05,1,50,0.1,0.05,0.3614457831325301,143,0.06993006993006994,3.25,0.0
84,592.7000000000004,146,0.05,1,50,0.1,0.05,0.36904761904761907,147,0.006802721088435374,6.125,0.0
85,592.8000000000002,144,0.05,1,50,0.1,0.05,0.3764705882352941,145,0.006896551724137931,6.041666666666667,30.2492618560791
86,597.9500000000002,141,0.05,1,50,0.1,0.05,0.38372093023255816,142,0.007042253521126761,5.68,0.0
87,525.5,290,0.05,1,50,0.1,0.05,0.39080459770114945,291,0.013745704467353952,12.125,0.0
88,533.0,140,0.05,1,50,0.1,0.05,0.3977272727272727,141,0.0,17.625,0.0
89,45.00000000000081,300,0.05,0,50,0.1,0.05,0.39325842696629215,301,0.0,12.541666666666666,0.0
90,625.2000000000002,96,0.05,1,50,0.1,0.05,0.4,97,0.05154639175257732,2.108695652173913,3698.7841796875
91,-200,300,0.05,0,50,0.1,0.05,0.3956043956043956,301,0.03322259136212625,37.625,0.0
92,-5.000000000000049,300,0.05,0,50,0.1,0.05,0.391304347826087,301,0.019933554817275746,9.709677419354838,0.0
93,-34.99999999999955,300,0.05,0,50,0.1,0.05,0.3870967741935484,301,0.013289036544850499,12.541666666666666,0.0
94,135.00000000000054,300,0.05,0,50,0.1,0.05,0.3829787234042553,301,0.0,7.341463414634147,0.0
95,-200,171,0.05,0,50,0.1,0.05,0.37894736842105264,171,0.03508771929824561,21.375,291.1558837890625
96,-200,300,0.05,0,50,0.1,0.05,0.375,301,0.12292358803986711,6.543478260869565,0.0
97,514.85,3,0.05,1,50,0.1,0.05,0.38144329896907214,4,0.0,1.3333333333333333,0.0
98,639.8500000000003,103,0.05,1,50,0.1,0.05,0.3877551020408163,104,0.0,3.586206896551724,0.0
99,45.00000000000074,300,0.05,0,50,0.1,0.05,0.3838383838383838,301,0.0,20.066666666666666,0.0
100,65.00000000000082,300,0.05,0,50,0.1,0.05,0.38,301,0.006644518272425249,7.921052631578948,2534.888671875
101,-60.900000000000006,19,0.05,0,50,0.1,0.05,0.37623762376237624,19,0.0,0.41304347826086957,0.0
102,85.0000000000006,300,0.05,0,50,0.1,0.05,0.37254901960784315,301,0.016611295681063124,4.854838709677419,0.0
103,144.99999999999702,300,0.05,0,50,0.1,0.05,0.36893203883495146,301,0.0033222591362126247,6.840909090909091,0.0
104,353.09999999999985,138,0.05,1,50,0.1,0.05,0.375,139,0.06474820143884892,17.375,0.0
105,512.6,148,0.05,1,50,0.1,0.05,0.38095238095238093,149,0.006711409395973154,18.625,1522.867431640625
106,65.00000000000038,300,0.05,0,50,0.1,0.05,0.37735849056603776,301,0.013289036544850499,7.341463414634147,0.0
107,164.99999999999912,300,0.05,0,50,0.1,0.05,0.37383177570093457,301,0.0033222591362126247,6.543478260869565,0.0
108,-200,300,0.05,0,50,0.1,0.05,0.37037037037037035,301,0.23588039867109634,6.543478260869565,0.0
109,649.9499999999997,101,0.05,1,50,0.1,0.05,0.3761467889908257,102,0.0,3.2903225806451615,0.0
110,-70.3,7,0.05,0,50,0.1,0.05,0.37272727272727274,7,0.0,0.175,215.95335388183594
111,-200,300,0.05,0,50,0.1,0.05,0.36936936936936937,301,0.19601328903654486,12.541666666666666,0.0
112,125.00000000000078,300,0.05,0,50,0.1,0.05,0.36607142857142855,301,0.0033222591362126247,7.341463414634147,0.0
113,35.00000000000075,300,0.05,0,50,0.1,0.05,0.36283185840707965,301,0.0033222591362126247,12.04,0.0
114,15.00000000000076,300,0.05,0,50,0.1,0.05,0.35964912280701755,301,0.009966777408637873,7.341463414634147,0.0
115,35.00000000000057,300,0.05,0,50,0.1,0.05,0.3565217391304348,301,0.0033222591362126247,12.04,2833.771240234375
116,-15.000000000000107,300,0.05,0,50,0.1,0.05,0.35344827586206895,301,0.0033222591362126247,37.625,0.0
117,-148.3999999999999,169,0.05,0,50,0.1,0.05,0.3504273504273504,169,0.005917159763313609,28.166666666666668,0.0
118,85.00000000000082,300,0.05,0,50,0.1,0.05,0.3474576271186441,301,0.0033222591362126247,7.921052631578948,0.0
119,514.85,3,0.05,1,50,0.1,0.05,0.35294117647058826,4,0.0,1.3333333333333333,0.0
120,-200,300,0.05,0,50,0.1,0.05,0.35,301,0.08305647840531562,20.066666666666666,537.354248046875
121,35.00000000000066,300,0.05,0,50,0.1,0.05,0.34710743801652894,301,0.006644518272425249,8.135135135135135,0.0
122,45.00000000000038,300,0.05,0,50,0.1,0.05,0.3442622950819672,301,0.0,12.541666666666666,0.0
123,34.99999999999996,300,0.05,0,50,0.1,0.05,0.34146341463414637,301,0.006644518272425249,10.379310344827585,0.0
124,4.9999999999999245,300,0.05,0,50,0.1,0.05,0.3387096774193548,301,0.0033222591362126247,13.08695652173913,0.0
125,454.3499999999992,213,0.05,1,50,0.1,0.05,0.344,214,0.04205607476635514,7.379310344827586,214.4838409423828
126,65.00000000000028,300,0.05,0,50,0.1,0.05,0.3412698412698413,301,0.0033222591362126247,12.04,0.0
127,650.8500000000001,83,0.05,1,50,0.1,0.05,0.3464566929133858,84,0.0,2.7096774193548385,0.0
128,5.000000000000005,300,0.05,0,50,0.1,0.05,0.34375,301,0.0,7.525,0.0
129,35.00000000000045,300,0.05,0,50,0.1,0.05,0.34108527131782945,301,0.0033222591362126247,13.08695652173913,0.0
130,104.99999999999797,300,0.05,0,50,0.1,0.05,0.3384615384615385,301,0.009966777408637873,7.525,3500.8681640625
131,514.85,3,0.05,1,50,0.1,0.05,0.3435114503816794,4,0.0,1.3333333333333333,0.0
132,638.3500000000003,133,0.05,1,50,0.1,0.05,0.3484848484848485,134,0.0,4.620689655172414,0.0
133,-34.99999999999966,300,0.05,0,50,0.1,0.05,0.3458646616541353,301,0.006644518272425249,4.854838709677419,0.0
134,623.0000000000001,140,0.05,1,50,0.1,0.05,0.35074626865671643,141,0.0070921985815602835,4.7,0.0
135,55.00000000000081,300,0.05,0,50,0.1,0.05,0.34814814814814815,301,0.0,10.033333333333333,166.2744903564453
136,65.0,300,0.05,0,50,0.1,0.05,0.34558823529411764,301,0.0,7.341463414634147,0.0
137,35.00000000000049,300,0.05,0,50,0.1,0.05,0.34306569343065696,301,0.0033222591362126247,13.08695652173913,0.0
138,-34.99999999999993,300,0.05,0,50,0.1,0.05,0.34057971014492755,301,0.016611295681063124,7.166666666666667,0.0
139,232.14999999999753,257,0.05,1,50,0.1,0.05,0.34532374100719426,258,0.07364341085271318,10.32,0.0
140,34.999999999999936,300,0.05,0,50,0.1,0.05,0.34285714285714286,301,0.0,25.083333333333332,339.6490478515625
141,-5.000000000000024,300,0.05,0,50,0.1,0.05,0.3404255319148936,301,0.013289036544850499,6.840909090909091,0.0
142,95.00000000000082,300,0.05,0,50,0.1,0.05,0.3380281690140845,301,0.006644518272425249,7.341463414634147,0.0
143,75.00000000000077,300,0.05,0,50,0.1,0.05,0.3356643356643357,301,0.009966777408637873,7.341463414634147,0.0
144,-185.00000000000102,300,0.05,0,50,0.1,0.05,0.3333333333333333,301,0.04318936877076412,12.04,0.0
145,85.00000000000053,300,0.05,0,50,0.1,0.05,0.3310344827586207,301,0.0,10.033333333333333,1428.92236328125
146,-14.999999999999972,300,0.05,0,50,0.1,0.05,0.3287671232876712,301,0.0033222591362126247,25.083333333333332,0.0
147,-200,300,0.05,0,50,0.1,0.05,0.32653061224489793,301,0.10299003322259136,20.066666666666666,0.0
148,-80.19999999999987,205,0.05,0,50,0.1,0.05,0.32432432432432434,205,0.00975609756097561,6.612903225806452,0.0
149,55.00000000000078,300,0.05,0,50,0.1,0.05,0.3221476510067114,301,0.0,12.04,0.0
150,65.00000000000033,300,0.05,0,50,0.1,0.05,0.32,301,0.0033222591362126247,12.541666666666666,7670.72021484375
151,164.9999999999973,300,0.05,0,50,0.1,0.05,0.31788079470198677,301,0.0033222591362126247,6.543478260869565,0.0
152,637.2500000000005,155,0.05,1,50,0.1,0.05,0.3223684210526316,156,0.0,5.379310344827586,0.0
153,85.0000000000005,300,0.05,0,50,0.1,0.05,0.3202614379084967,301,0.006644518272425249,8.135135135135135,0.0
154,115.00000000000082,300,0.05,0,50,0.1,0.05,0.3181818181818182,301,0.0,8.135135135135135,0.0
155,24.999999999999947,300,0.05,0,50,0.1,0.05,0.3161290322580645,301,0.013289036544850499,9.121212121212121,1663.84326171875
156,-105.05,2,0.05,0,50,0.1,0.05,0.3141025641025641,2,0.0,0.16666666666666666,0.0
157,507.89999999999986,242,0.05,1,50,0.1,0.05,0.3184713375796178,243,0.00411522633744856,30.375,0.0
158,-15.000000000000135,300,0.05,0,50,0.1,0.05,0.31645569620253167,301,0.009966777408637873,10.033333333333333,0.0
159,-64.99999999999977,300,0.05,0,50,0.1,0.05,0.31446540880503143,301,0.009966777408637873,37.625,0.0
160,-200,300,0.05,0,50,0.1,0.05,0.3125,301,0.08305647840531562,6.543478260869565,129.61080932617188
161,-95.35,8,0.05,0,50,0.1,0.05,0.3105590062111801,8,0.0,0.16326530612244897,0.0
162,-200,300,0.05,0,50,0.1,0.05,0.30864197530864196,301,0.053156146179401995,9.121212121212121,0.0
163,-31.499999999999943,31,0.05,0,50,0.1,0.05,0.3067484662576687,31,0.0,1.0,0.0
164,35.00000000000033,300,0.05,0,50,0.1,0.05,0.3048780487804878,301,0.009966777408637873,9.121212121212121,0.0
165,45.00000000000034,300,0.05,0,50,0.1,0.05,0.30303030303030304,301,0.006644518272425249,9.121212121212121,1623.2373046875
166,514.85,3,0.05,1,50,0.1,0.05,0.3072289156626506,4,0.0,1.3333333333333333,0.0
167,25.00000000000043,300,0.05,0,50,0.1,0.05,0.30538922155688625,301,0.0033222591362126247,10.379310344827585,0.0
168,-4.999999999999986,300,0.05,0,50,0.1,0.05,0.30357142857142855,301,0.009966777408637873,16.72222222222222,0.0
169,105.00000000000057,300,0.05,0,50,0.1,0.05,0.30177514792899407,301,0.006644518272425249,3.858974358974359,0.0
170,15.000000000000163,300,0.05,0,50,0.1,0.05,0.3,301,0.0,15.05,3327.329833984375
171,65.0000000000007,300,0.05,0,50,0.1,0.05,0.2982456140350877,301,0.0,13.08695652173913,0.0
172,516.4999999999999,270,0.05,1,50,0.1,0.05,0.3023255813953488,271,0.0036900369003690036,27.1,0.0
173,184.99999999999739,300,0.05,0,50,0.1,0.05,0.30057803468208094,301,0.0,6.543478260869565,0.0
174,24.999999999999794,300,0.05,0,50,0.1,0.05,0.2988505747126437,301,0.0,13.08695652173913,0.0
175,4.999999999999948,300,0.05,0,50,0.1,0.05,0.29714285714285715,301,0.0,4.854838709677419,3930.499267578125
176,4.999999999999974,300,0.05,0,50,0.1,0.05,0.29545454545454547,301,0.0,25.083333333333332,0.0
177,95.00000000000082,300,0.05,0,50,0.1,0.05,0.2937853107344633,301,0.0,9.709677419354838,0.0
178,10.150000000000531,298,0.05,0,50,0.1,0.05,0.29213483146067415,298,0.0,8.054054054054054,0.0
179,-100,1,0.05,0,50,0.1,0.05,0.2905027932960894,1,0.0,0.08333333333333333,0.0
180,626.9000000000001,62,0.05,1,50,0.1,0.05,0.29444444444444445,63,0.015873015873015872,2.1,253.4947052001953
181,55.000000000000824,300,0.05,0,50,0.1,0.05,0.292817679558011,301,0.0,12.04,0.0
182,-58.24999999999986,66,0.05,0,50,0.1,0.05,0.29120879120879123,66,0.015151515151515152,0.9850746268656716,0.0
183,75.0000000000003,300,0.05,0,50,0.1,0.05,0.2896174863387978,301,0.0,6.543478260869565,0.0
184,514.85,3,0.05,1,50,0.1,0.05,0.29347826086956524,4,0.0,1.3333333333333333,0.0
185,-74.99999999999993,300,0.05,0,50,0.1,0.05,0.2918918918918919,301,0.009966777408637873,8.6,879.0198974609375
186,-81.20000000000002,25,0.05,0,50,0.1,0.05,0.2903225806451613,25,0.0,0.625,0.0
187,125.00000000000081,300,0.05,0,50,0.1,0.05,0.2887700534759358,301,0.0,9.40625,0.0
188,95.00000000000081,300,0.05,0,50,0.1,0.05,0.2872340425531915,301,0.0,10.033333333333333,0.0
189,95.00000000000082,300,0.05,0,50,0.1,0.05,0.2857142857142857,301,0.006644518272425249,8.36111111111111,0.0
190,625.2000000000002,96,0.05,1,50,0.1,0.05,0.2894736842105263,97,0.010309278350515464,3.2333333333333334,61.75836181640625
191,534.4,112,0.05,1,50,0.1,0.05,0.2931937172774869,113,0.0,14.125,0.0
192,204.99999999999704,300,0.05,0,50,0.1,0.05,0.2916666666666667,301,0.0,4.492537313432836,0.0
193,135.0000000000002,300,0.05,0,50,0.1,0.05,0.29015544041450775,301,0.006644518272425249,6.840909090909091,0.0
194,134.99999999999974,300,0.05,0,50,0.1,0.05,0.28865979381443296,301,0.0033222591362126247,7.525,0.0
195,-100.70000000000002,215,0.05,0,50,0.1,0.05,0.28717948717948716,215,0.0,3.467741935483871,193.35714721679688
196,35.000000000000774,300,0.05,0,50,0.1,0.05,0.2857142857142857,301,0.006644518272425249,9.40625,0.0
197,-82.60000000000002,53,0.05,0,50,0.1,0.05,0.28426395939086296,53,0.0,2.2083333333333335,0.0
198,512.1000000000001,158,0.05,1,50,0.1,0.05,0.2878787878787879,159,0.006289308176100629,19.875,0.0
199,625.4000000000001,92,0.05,1,50,0.1,0.05,0.2914572864321608,93,0.010752688172043012,3.1,0.0
200,537.4,52,0.05,1,50,0.1,0.05,0.295,53,0.0,6.625,98.74144744873047
201,125.0000000000003,300,0.05,0,50,0.1,0.05,0.2935323383084577,301,0.0,9.40625,0.0
202,75.00000000000081,300,0.05,0,50,0.1,0.05,0.29207920792079206,301,0.006644518272425249,9.121212121212121,0.0
203,-114.99999999999996,300,0.05,0,50,0.1,0.05,0.29064039408866993,301,0.029900332225913623,15.05,0.0
204,519.4,12,0.05,1,50,0.1,0.05,0.29411764705882354,13,0.0,3.25,0.0
205,-105.05,2,0.05,0,50,0.1,0.05,0.2926829268292683,2,0.0,0.16666666666666666,1512.9915771484375
206,491.29999999999995,174,0.05,1,50,0.1,0.05,0.2961165048543689,175,0.011428571428571429,21.875,0.0
207,616.7500000000005,165,0.05,1,50,0.1,0.05,0.2995169082125604,166,0.006024096385542169,5.724137931034483,0.0
208,65.00000000000082,300,0.05,0,50,0.1,0.05,0.2980769230769231,301,0.0,13.681818181818182,0.0
209,603.3000000000003,134,0.05,1,50,0.1,0.05,0.3014354066985646,135,0.0,6.136363636363637,0.0
210,55.000000000000824,300,0.05,0,50,0.1,0.05,0.3,301,0.0,9.40625,171.65029907226562
211,-15.849999999999454,218,0.05,0,50,0.1,0.05,0.2985781990521327,218,0.0,8.72,0.0
212,75.00000000000053,300,0.05,0,50,0.1,0.05,0.2971698113207547,301,0.009966777408637873,7.341463414634147,0.0
213,45.00000000000061,300,0.05,0,50,0.1,0.05,0.29577464788732394,301,0.0,12.541666666666666,0.0
214,75.00000000000048,300,0.05,0,50,0.1,0.05,0.29439252336448596,301,0.0,15.05,0.0
215,134.9999999999976,300,0.05,0,50,0.1,0.05,0.2930232558139535,301,0.0033222591362126247,8.135135135135135,191.45315551757812
216,-26.99999999999963,141,0.05,0,50,0.1,0.05,0.2916666666666667,141,0.0,7.05,0.0
217,85.0000000000007,300,0.05,0,50,0.1,0.05,0.2903225806451613,301,0.0033222591362126247,6.543478260869565,0.0
218,-5.000000000000058,300,0.05,0,50,0.1,0.05,0.2889908256880734,301,0.0033222591362126247,30.1,0.0
219,14.999999999999908,300,0.05,0,50,0.1,0.05,0.2876712328767123,301,0.0033222591362126247,12.541666666666666,0.0
220,-94.99999999999963,300,0.05,0,50,0.1,0.05,0.2863636363636364,301,0.019933554817275746,25.083333333333332,7714.8603515625
221,510.2,196,0.05,1,50,0.1,0.05,0.2895927601809955,197,0.005076142131979695,24.625,0.0
222,124.99999999999882,300,0.05,0,50,0.1,0.05,0.2882882882882883,301,0.0033222591362126247,8.135135135135135,0.0
223,-14.999999999999769,300,0.05,0,50,0.1,0.05,0.28699551569506726,301,0.006644518272425249,12.04,0.0
224,-124.9999999999994,300,0.05,0,50,0.1,0.05,0.2857142857142857,301,0.013289036544850499,75.25,0.0
225,-14.999999999999549,300,0.05,0,50,0.1,0.05,0.28444444444444444,301,0.019933554817275746,9.40625,2196.044189453125
226,145.00000000000017,300,0.05,0,50,0.1,0.05,0.2831858407079646,301,0.0,6.840909090909091,0.0
227,-95.69999999999997,115,0.05,0,50,0.1,0.05,0.28193832599118945,115,0.008695652173913044,2.5,0.0
228,85.00000000000082,300,0.05,0,50,0.1,0.05,0.2807017543859649,301,0.006644518272425249,9.40625,0.0
229,35.00000000000082,300,0.05,0,50,0.1,0.05,0.2794759825327511,301,0.016611295681063124,9.121212121212121,0.0
230,-165.00000000000105,300,0.05,0,50,0.1,0.05,0.2782608695652174,301,0.036544850498338874,16.72222222222222,315.1060485839844
231,613.85,23,0.05,1,50,0.1,0.05,0.2813852813852814,24,0.0,1.0434782608695652,0.0
232,514.85,3,0.05,1,50,0.1,0.05,0.28448275862068967,4,0.0,1.3333333333333333,0.0
233,254.99999999999704,300,0.05,0,50,0.1,0.05,0.2832618025751073,301,0.0,3.858974358974359,0.0
234,-155.00000000000298,300,0.05,0,50,0.1,0.05,0.28205128205128205,301,0.03986710963455149,12.04,0.0
235,517.0,60,0.05,1,50,0.1,0.05,0.2851063829787234,61,0.0,15.25,940.9622192382812
236,55.000000000000824,300,0.05,0,50,0.1,0.05,0.2838983050847458,301,0.006644518272425249,12.04,0.0
237,-200,300,0.05,0,50,0.1,0.05,0.28270042194092826,301,0.09302325581395349,7.341463414634147,0.0
238,-107.35,48,0.05,0,50,0.1,0.05,0.2815126050420168,48,0.0,1.8461538461538463,0.0
239,-14.999999999999787,300,0.05,0,50,0.1,0.05,0.2803347280334728,301,0.006644518272425249,17.705882352941178,0.0
240,513.35,33,0.05,1,50,0.1,0.05,0.2833333333333333,34,0.0,11.333333333333334,7049.63671875
241,55.00000000000081,300,0.05,0,50,0.1,0.05,0.2821576763485477,301,0.0033222591362126247,13.681818181818182,0.0
242,-124.1,83,0.05,0,50,0.1,0.05,0.2809917355371901,83,0.0,8.3,0.0
243,-5.000000000000141,300,0.05,0,50,0.1,0.05,0.27983539094650206,301,0.006644518272425249,16.72222222222222,0.0
244,-4.999999999999994,300,0.05,0,50,0.1,0.05,0.2786885245901639,301,0.0033222591362126247,15.05,0.0
245,598.1,38,0.05,1,50,0.1,0.05,0.2816326530612245,39,0.0,1.95,4314.64404296875
246,570.6500000000007,287,0.05,1,50,0.1,0.05,0.2845528455284553,288,0.0,16.941176470588236,0.0
247,35.00000000000068,300,0.05,0,50,0.1,0.05,0.2834008097165992,301,0.0,4.492537313432836,0.0
248,-154.9999999999998,101,0.05,0,50,0.1,0.05,0.28225806451612906,101,0.019801980198019802,16.833333333333332,0.0
249,-25.000000000000163,300,0.05,0,50,0.1,0.05,0.28112449799196787,301,0.0033222591362126247,12.541666666666666,0.0
250,21.05000000000048,280,0.05,0,50,0.1,0.05,0.28,280,0.0035714285714285713,7.0,3038.51708984375
251,-84.99999999999996,300,0.05,0,50,0.1,0.05,0.2788844621513944,301,0.009966777408637873,6.543478260869565,0.0
252,-15.000000000000036,300,0.05,0,50,0.1,0.05,0.2777777777777778,301,0.006644518272425249,25.083333333333332,0.0
253,518.9,22,0.05,1,50,0.1,0.05,0.28063241106719367,23,0.0,5.75,0.0
254,541.2999999999998,174,0.05,1,50,0.1,0.05,0.28346456692913385,175,0.0,17.5,0.0
255,-100.1,3,0.05,0,50,0.1,0.05,0.2823529411764706,3,0.0,0.25,4066.354736328125
256,-54.9999999999998,300,0.05,0,50,0.1,0.05,0.28125,301,0.0,75.25,0.0
257,105.00000000000082,300,0.05,0,50,0.1,0.05,0.2801556420233463,301,0.009966777408637873,6.543478260869565,0.0
258,510.84999999999997,83,0.05,1,50,0.1,0.05,0.28294573643410853,84,0.0,28.0,0.0
259,8.600000000000051,29,0.05,0,50,0.1,0.05,0.28185328185328185,29,0.034482758620689655,0.8787878787878788,0.0
260,75.00000000000077,300,0.05,0,50,0.1,0.05,0.28076923076923077,301,0.006644518272425249,6.543478260869565,250.9071044921875
261,-4.999999999999951,300,0.05,0,50,0.1,0.05,0.2796934865900383,301,0.0,30.1,0.0
262,-95.64999999999999,14,0.05,0,50,0.1,0.05,0.2786259541984733,14,0.0,0.1794871794871795,0.0
263,-4.999999999999977,300,0.05,0,50,0.1,0.05,0.27756653992395436,301,0.0,9.40625,0.0
264,-26.699999999999648,135,0.05,0,50,0.1,0.05,0.2765151515151515,135,0.014814814814814815,3.2142857142857144,0.0
265,14.999999999999932,300,0.05,0,50,0.1,0.05,0.27547169811320754,301,0.0,9.40625,1842.714111328125
266,-200,300,0.05,0,50,0.1,0.05,0.2744360902255639,301,0.2026578073089701,20.066666666666666,0.0
267,45.0000000000003,300,0.05,0,50,0.1,0.05,0.27340823970037453,301,0.0,8.6,0.0
268,514.75,5,0.05,1,50,0.1,0.05,0.27611940298507465,6,0.0,2.0,0.0
269,-64.99999999999932,300,0.05,0,50,0.1,0.05,0.275092936802974,301,0.0033222591362126247,12.541666666666666,0.0
270,214.99999999999753,300,0.05,0,50,0.1,0.05,0.2740740740740741,301,0.0,3.858974358974359,6255.19921875
271,45.000000000000455,300,0.05,0,50,0.1,0.05,0.2730627306273063,301,0.0033222591362126247,7.717948717948718,0.0
272,164.99999999999702,300,0.05,0,50,0.1,0.05,0.27205882352941174,301,0.0,6.543478260869565,0.0
273,55.000000000000824,300,0.05,0,50,0.1,0.05,0.27106227106227104,301,0.0,4.492537313432836,0.0
274,-86.8000000000001,137,0.05,0,50,0.1,0.05,0.27007299270072993,137,0.0,2.9782608695652173,0.0
275,510.7999999999999,184,0.05,1,50,0.1,0.05,0.2727272727272727,185,0.0,46.25,1046.802978515625
276,65.00000000000051,300,0.05,0,50,0.1,0.05,0.2717391304347826,301,0.0,9.40625,0.0
277,125.00000000000011,300,0.05,0,50,0.1,0.05,0.27075812274368233,301,0.0033222591362126247,6.840909090909091,0.0
278,549.2,16,0.05,1,50,0.1,0.05,0.2733812949640288,17,0.0,1.7,0.0
279,35.00000000000035,300,0.05,0,50,0.1,0.05,0.2724014336917563,301,0.0033222591362126247,17.705882352941178,0.0
280,115.00000000000082,300,0.05,0,50,0.1,0.05,0.2714285714285714,301,0.0,9.40625,6288.044921875
281,-200,274,0.05,0,50,0.1,0.05,0.2704626334519573,274,0.025547445255474453,6.85,0.0
282,-5.000000000000006,300,0.05,0,50,0.1,0.05,0.2695035460992908,301,0.0,15.05,0.0
283,35.000000000000405,300,0.05,0,50,0.1,0.05,0.26855123674911663,301,0.0,12.04,0.0
284,-14.999999999999979,300,0.05,0,50,0.1,0.05,0.2676056338028169,301,0.0,7.921052631578948,0.0
285,-106.05,22,0.05,0,50,0.1,0.05,0.26666666666666666,22,0.0,1.8333333333333333,6672.3642578125
286,-15.000000000000068,300,0.05,0,50,0.1,0.05,0.26573426573426573,301,0.0,6.142857142857143,0.0
287,45.00000000000071,300,0.05,0,50,0.1,0.05,0.26480836236933797,301,0.0,12.04,0.0
288,45.00000000000066,300,0.05,0,50,0.1,0.05,0.2638888888888889,301,0.0,13.681818181818182,0.0
289,-44.9999999999997,300,0.05,0,50,0.1,0.05,0.2629757785467128,301,0.009966777408637873,6.543478260869565,0.0
290,-200,237,0.05,0,50,0.1,0.05,0.2620689655172414,237,0.05485232067510549,9.875,508.1260070800781
291,-107.24999999999999,46,0.05,0,50,0.1,0.05,0.2611683848797251,46,0.0,2.5555555555555554,0.0
292,-35.00000000000013,300,0.05,0,50,0.1,0.05,0.2602739726027397,301,0.0,50.166666666666664,0.0
293,-35.00000000000008,300,0.05,0,50,0.1,0.05,0.2593856655290102,301,0.0,11.576923076923077,0.0
294,214.9999999999972,300,0.05,0,50,0.1,0.05,0.2585034013605442,301,0.006644518272425249,3.858974358974359,0.0
295,85.00000000000061,300,0.05,0,50,0.1,0.05,0.2576271186440678,301,0.0033222591362126247,7.717948717948718,855.0809936523438
296,-25.000000000000206,300,0.05,0,50,0.1,0.05,0.25675675675675674,301,0.0,20.066666666666666,0.0
297,174.99999999999872,300,0.05,0,50,0.1,0.05,0.2558922558922559,301,0.0,6.543478260869565,0.0
298,105.0000000000004,300,0.05,0,50,0.1,0.05,0.2550335570469799,301,0.0,8.135135135135135,0.0
299,-58.79999999999955,177,0.05,0,50,0.1,0.05,0.25418060200668896,177,0.0,7.08,0.0
300,691.2499999999976,275,0.05,1,50,0.1,0.05,0.25666666666666665,276,0.0036231884057971015,6.133333333333334,826.0457153320312
301,4.999999999999878,300,0.05,0,50,0.1,0.05,0.2558139534883721,301,0.0,10.379310344827585,0.0
302,-98.00000000000004,161,0.05,0,50,0.1,0.05,0.25496688741721857,161,0.0,4.025,0.0
303,264.9999999999993,300,0.05,0,50,0.1,0.05,0.25412541254125415,301,0.0033222591362126247,4.492537313432836,0.0
304,-88.94999999999997,80,0.05,0,50,0.1,0.05,0.2532894736842105,80,0.025,3.2,0.0
305,284.9999999999979,300,0.05,0,50,0.1,0.05,0.25245901639344265,301,0.0,4.5606060606060606,1624.9437255859375
306,105.00000000000055,300,0.05,0,50,0.1,0.05,0.25163398692810457,301,0.006644518272425249,6.688888888888889,0.0
307,-15.000000000000135,300,0.05,0,50,0.1,0.05,0.250814332247557,301,0.0033222591362126247,20.066666666666666,0.0
308,-102.40000000000003,249,0.05,0,50,0.1,0.05,0.25,249,0.0,20.75,0.0
309,-200,148,0.05,0,50,0.1,0.05,0.24919093851132687,148,0.05405405405405406,5.92,0.0
310,35.00000000000031,300,0.05,0,50,0.1,0.05,0.24838709677419354,301,0.0,16.72222222222222,222.06790161132812
311,-5.000000000000131,300,0.05,0,50,0.1,0.05,0.24758842443729903,301,0.0,13.08695652173913,0.0
312,45.000000000000824,300,0.05,0,50,0.1,0.05,0.2467948717948718,301,0.006644518272425249,13.08695652173913,0.0
313,184.99999999999892,300,0.05,0,50,0.1,0.05,0.24600638977635783,301,0.006644518272425249,6.543478260869565,0.0
314,-15.0,300,0.05,0,50,0.1,0.05,0.24522292993630573,301,0.0,25.083333333333332,0.0
315,-200,300,0.05,0,50,0.1,0.05,0.24444444444444444,301,0.05647840531561462,17.705882352941178,511.2874755859375
316,-200,300,0.05,0,50,0.1,0.05,0.24367088607594936,301,0.03986710963455149,20.066666666666666,0.0
317,-24.99999999999967,300,0.05,0,50,0.1,0.05,0.24290220820189273,301,0.006644518272425249,37.625,0.0
318,-184.99999999999994,300,0.05,0,50,0.1,0.05,0.24213836477987422,301,0.029900332225913623,25.083333333333332,0.0
319,35.00000000000035,300,0.05,0,50,0.1,0.05,0.2413793103448276,301,0.0033222591362126247,15.842105263157896,0.0
320,21.65000000000073,268,0.05,0,50,0.1,0.05,0.240625,268,0.0037313432835820895,7.052631578947368,4274.546875
321,630.8000000000004,184,0.05,1,50,0.1,0.05,0.24299065420560748,185,0.005405405405405406,5.78125,0.0
322,15.000000000000295,300,0.05,0,50,0.1,0.05,0.2422360248447205,301,0.009966777408637873,9.709677419354838,0.0
323,-52.04999999999963,142,0.05,0,50,0.1,0.05,0.24148606811145512,142,0.014084507042253521,4.580645161290323,0.0
324,-95.45,10,0.05,0,50,0.1,0.05,0.24074074074074073,10,0.0,0.25,0.0
325,3.8500000000006054,224,0.05,0,50,0.1,0.05,0.24,224,0.004464285714285714,6.787878787878788,961.8416748046875
326,65.0000000000008,300,0.05,0,50,0.1,0.05,0.2392638036809816,301,0.0,17.705882352941178,0.0
327,95.00000000000045,300,0.05,0,50,0.1,0.05,0.23853211009174313,301,0.013289036544850499,6.142857142857143,0.0
328,495.65,187,0.05,1,50,0.1,0.05,0.24085365853658536,188,0.005319148936170213,37.6,0.0
329,45.000000000000824,300,0.05,0,50,0.1,0.05,0.24012158054711247,301,0.0033222591362126247,15.842105263157896,0.0
330,-95.45,10,0.05,0,50,0.1,0.05,0.23939393939393938,10,0.0,1.25,642.6155395507812
331,184.9999999999971,300,0.05,0,50,0.1,0.05,0.23867069486404835,301,0.0,6.02,0.0
332,519.0,20,0.05,1,50,0.1,0.05,0.24096385542168675,21,0.0,5.25,0.0
333,-200,300,0.05,0,50,0.1,0.05,0.24024024024024024,301,0.04318936877076412,9.40625,0.0
334,485.5,90,0.05,1,50,0.1,0.05,0.24251497005988024,91,0.02197802197802198,15.166666666666666,0.0
335,527.8,44,0.05,1,50,0.1,0.05,0.24477611940298508,45,0.0,7.5,1263.0745849609375
336,-100,1,0.05,0,50,0.1,0.05,0.24404761904761904,1,0.0,0.02040816326530612,0.0
337,-20.149999999999736,104,0.05,0,50,0.1,0.05,0.2433234421364985,104,0.0,2.3636363636363638,0.0
338,-91.7,35,0.05,0,50,0.1,0.05,0.24260355029585798,35,0.0,8.75,0.0
339,-84.90000000000006,99,0.05,0,50,0.1,0.05,0.24188790560471976,99,0.0,2.152173913043478,0.0
340,24.999999999999922,300,0.05,0,50,0.1,0.05,0.2411764705882353,301,0.0,17.705882352941178,4887.20166015625
341,-127.15000000000002,44,0.05,0,50,0.1,0.05,0.2404692082111437,44,0.0,14.666666666666666,0.0
342,-200,300,0.05,0,50,0.1,0.05,0.23976608187134502,301,0.06312292358803986,3.858974358974359,0.0
343,45.00000000000061,300,0.05,0,50,0.1,0.05,0.239067055393586,301,0.006644518272425249,6.543478260869565,0.0
344,-124.99999999999947,300,0.05,0,50,0.1,0.05,0.23837209302325582,301,0.006644518272425249,16.72222222222222,0.0
345,-200,222,0.05,0,50,0.1,0.05,0.23768115942028986,222,0.0990990990990991,6.0,368.55712890625
346,-25.000000000000142,300,0.05,0,50,0.1,0.05,0.23699421965317918,301,0.0,37.625,0.0
347,224.99999999999875,300,0.05,0,50,0.1,0.05,0.23631123919308358,301,0.006644518272425249,4.5606060606060606,0.0
348,5.000000000000324,300,0.05,0,50,0.1,0.05,0.23563218390804597,301,0.013289036544850499,12.04,0.0
349,95.00000000000082,300,0.05,0,50,0.1,0.05,0.2349570200573066,301,0.0,9.40625,0.0
350,15.00000000000001,300,0.05,0,50,0.1,0.05,0.2342857142857143,301,0.006644518272425249,15.05,2386.74267578125
351,55.000000000000824,300,0.05,0,50,0.1,0.05,0.2336182336182336,301,0.0033222591362126247,10.033333333333333,0.0
352,-195.00000000000276,300,0.05,0,50,0.1,0.05,0.23295454545454544,301,0.04318936877076412,15.05,0.0
353,-115.15,4,0.05,0,50,0.1,0.05,0.23229461756373937,4,0.0,0.6666666666666666,0.0
354,85.00000000000082,300,0.05,0,50,0.1,0.05,0.23163841807909605,301,0.006644518272425249,8.36111111111111,0.0
355,134.99999999999883,300,0.05,0,50,0.1,0.05,0.23098591549295774,301,0.0,8.6,69.0861587524414
356,-200,300,0.05,0,50,0.1,0.05,0.2303370786516854,301,0.059800664451827246,10.379310344827585,0.0
357,145.00000000000045,300,0.05,0,50,0.1,0.05,0.22969187675070027,301,0.006644518272425249,5.189655172413793,0.0
358,90.9,183,0.05,0,50,0.1,0.05,0.22905027932960895,183,0.00546448087431694,2.7313432835820897,0.0
359,55.000000000000824,300,0.05,0,50,0.1,0.05,0.22841225626740946,301,0.0,9.709677419354838,0.0
360,134.99999999999943,300,0.05,0,50,0.1,0.05,0.22777777777777777,301,0.0033222591362126247,7.166666666666667,1175.629638671875
361,75.00000000000078,300,0.05,0,50,0.1,0.05,0.22714681440443213,301,0.0033222591362126247,12.04,0.0
362,-64.9999999999997,300,0.05,0,50,0.1,0.05,0.2265193370165746,301,0.009966777408637873,60.2,0.0
363,65.00000000000081,300,0.05,0,50,0.1,0.05,0.22589531680440772,301,0.0033222591362126247,5.016666666666667,0.0
364,-85.40000000000006,109,0.05,0,50,0.1,0.05,0.22527472527472528,109,0.0,4.739130434782608,0.0
365,14.999999999999872,300,0.05,0,50,0.1,0.05,0.22465753424657534,301,0.0,9.40625,467.2291259765625
366,-35.00000000000001,300,0.05,0,50,0.1,0.05,0.22404371584699453,301,0.006644518272425249,30.1,0.0
367,658.8499999999995,123,0.05,1,50,0.1,0.05,0.22615803814713897,124,0.016129032258064516,3.024390243902439,0.0
368,15.000000000000384,300,0.05,0,50,0.1,0.05,0.22554347826086957,301,0.006644518272425249,15.05,0.0
369,538.8,24,0.05,1,50,0.1,0.05,0.22764227642276422,25,0.04,2.0833333333333335,0.0
370,105.00000000000082,300,0.05,0,50,0.1,0.05,0.22702702702702704,301,0.0033222591362126247,10.033333333333333,150.99618530273438
371,-52.79999999999931,257,0.05,0,50,0.1,0.05,0.22641509433962265,257,0.0,5.468085106382978,0.0
372,-84.99999999999923,300,0.05,0,50,0.1,0.05,0.22580645161290322,301,0.016611295681063124,30.1,0.0
373,45.00000000000048,300,0.05,0,50,0.1,0.05,0.225201072386059,301,0.006644518272425249,13.08695652173913,0.0
374,519.6,8,0.05,1,50,0.1,0.05,0.22727272727272727,9,0.0,2.25,0.0
375,-15.000000000000046,300,0.05,0,50,0.1,0.05,0.22666666666666666,301,0.0,13.08695652173913,369.8616638183594
376,46.900000000000034,63,0.05,0,50,0.1,0.05,0.22606382978723405,63,0.015873015873015872,1.75,0.0
377,-200,92,0.05,0,50,0.1,0.05,0.22546419098143236,92,0.05434782608695652,2.1904761904761907,0.0
378,75.00000000000081,300,0.05,0,50,0.1,0.05,0.22486772486772486,301,0.0033222591362126247,7.525,0.0
379,519.7,6,0.05,1,50,0.1,0.05,0.22691292875989447,7,0.0,1.75,0.0
380,611.1500000000002,77,0.05,1,50,0.1,0.05,0.22894736842105262,78,0.0,3.391304347826087,131.02845764160156
381,-69.34999999999941,288,0.05,0,50,0.1,0.05,0.2283464566929134,288,0.0,9.931034482758621,0.0
382,16.049999999998917,180,0.05,0,50,0.1,0.05,0.22774869109947643,180,0.005555555555555556,3.9130434782608696,0.0
383,55.00000000000081,300,0.05,0,50,0.1,0.05,0.22715404699738903,301,0.0,16.72222222222222,0.0
384,557.4,52,0.05,1,50,0.1,0.05,0.22916666666666666,53,0.0,4.416666666666667,0.0
385,15.000000000000163,300,0.05,0,50,0.1,0.05,0.22857142857142856,301,0.0033222591362126247,25.083333333333332,4342.517578125
386,294.9999999999979,300,0.05,0,50,0.1,0.05,0.22797927461139897,301,0.0033222591362126247,3.858974358974359,0.0
387,14.999999999999986,300,0.05,0,50,0.1,0.05,0.22739018087855298,301,0.0,6.543478260869565,0.0
388,554.9,102,0.05,1,50,0.1,0.05,0.22938144329896906,103,0.0,8.583333333333334,0.0
389,95.00000000000031,300,0.05,0,50,0.1,0.05,0.22879177377892032,301,0.009966777408637873,7.921052631578948,0.0
390,125.00000000000072,300,0.05,0,50,0.1,0.05,0.2282051282051282,301,0.0033222591362126247,6.404255319148936,255.62399291992188
391,-113.6,73,0.05,0,50,0.1,0.05,0.22762148337595908,73,0.0,4.866666666666666,0.0
392,85.00000000000081,300,0.05,0,50,0.1,0.05,0.22704081632653061,301,0.0033222591362126247,10.033333333333333,0.0
393,500.7,186,0.05,1,50,0.1,0.05,0.22900763358778625,187,0.0053475935828877,31.166666666666668,0.0
394,115.00000000000072,300,0.05,0,50,0.1,0.05,0.22842639593908629,301,0.0,7.921052631578948,0.0
395,-103.49999999999999,71,0.05,0,50,0.1,0.05,0.22784810126582278,71,0.0,1.775,1913.3878173828125
396,264.9999999999994,300,0.05,0,50,0.1,0.05,0.22727272727272727,301,0.0,5.016666666666667,0.0
397,164.99999999999878,300,0.05,0,50,0.1,0.05,0.22670025188916876,301,0.0033222591362126247,6.840909090909091,0.0
398,-35.00000000000009,300,0.05,0,50,0.1,0.05,0.22613065326633167,301,0.006644518272425249,30.1,0.0
399,45.00000000000083,300,0.05,0,50,0.1,0.05,0.22556390977443608,301,0.0,13.681818181818182,0.0
400,-90.3,7,0.05,0,50,0.1,0.05,0.225,7,0.0,0.175,80.18838500976562
401,75.00000000000078,300,0.05,0,50,0.1,0.05,0.22443890274314215,301,0.0,15.05,0.0
402,115.00000000000078,300,0.05,0,50,0.1,0.05,0.22388059701492538,301,0.0,9.40625,0.0
403,598.3000000000004,234,0.05,1,50,0.1,0.05,0.22580645161290322,235,0.00425531914893617,9.038461538461538,0.0
404,85.00000000000082,300,0.05,0,50,0.1,0.05,0.22524752475247525,301,0.0,13.08695652173913,0.0
405,577.5000000000001,250,0.05,1,50,0.1,0.05,0.2271604938271605,251,0.0,13.944444444444445,1762.3629150390625
406,75.00000000000067,300,0.05,0,50,0.1,0.05,0.22660098522167488,301,0.0033222591362126247,11.576923076923077,0.0
407,492.3,154,0.05,1,50,0.1,0.05,0.2285012285012285,155,0.0064516129032258064,38.75,0.0
408,518.2,36,0.05,1,50,0.1,0.05,0.23039215686274508,37,0.0,9.25,0.0
409,-44.999999999999524,300,0.05,0,50,0.1,0.05,0.22982885085574573,301,0.0033222591362126247,50.166666666666664,0.0
410,164.999999999998,300,0.05,0,50,0.1,0.05,0.22926829268292684,301,0.0033222591362126247,6.404255319148936,90.5681381225586
411,610.3500000000003,93,0.05,1,50,0.1,0.05,0.23114355231143552,94,0.0,4.086956521739131,0.0
412,75.00000000000081,300,0.05,0,50,0.1,0.05,0.23058252427184467,301,0.0033222591362126247,7.921052631578948,0.0
413,302.14999999999776,257,0.05,1,50,0.1,0.05,0.2324455205811138,258,0.03875968992248062,86.0,0.0
414,-34.99999999999983,300,0.05,0,50,0.1,0.05,0.2318840579710145,301,0.0033222591362126247,16.72222222222222,0.0
415,-54.99999999999966,300,0.05,0,50,0.1,0.05,0.23132530120481928,301,0.013289036544850499,7.0,235.07203674316406
416,-200,300,0.05,0,50,0.1,0.05,0.23076923076923078,301,0.059800664451827246,8.135135135135135,0.0
417,164.9999999999974,300,0.05,0,50,0.1,0.05,0.2302158273381295,301,0.0,6.543478260869565,0.0
418,-59.04999999999923,282,0.05,0,50,0.1,0.05,0.22966507177033493,282,0.010638297872340425,7.621621621621622,0.0
419,-97.74999999999996,256,0.05,0,50,0.1,0.05,0.22911694510739858,256,0.0,11.130434782608695,0.0
420,55.000000000000824,300,0.05,0,50,0.1,0.05,0.22857142857142856,301,0.0,4.5606060606060606,2605.85595703125
421,-200,149,0.05,0,50,0.1,0.05,0.22802850356294538,149,0.1342281879194631,3.239130434782609,0.0
422,-50.199999999999655,205,0.05,0,50,0.1,0.05,0.22748815165876776,205,0.00975609756097561,4.767441860465116,0.0
423,115.0000000000008,300,0.05,0,50,0.1,0.05,0.22695035460992907,301,0.0,9.709677419354838,0.0
424,194.9999999999976,300,0.05,0,50,0.1,0.05,0.22641509433962265,301,0.009966777408637873,5.189655172413793,0.0
425,-54.99999999999926,300,0.05,0,50,0.1,0.05,0.22588235294117648,301,0.006644518272425249,60.2,386.43536376953125
426,-114.30000000000003,87,0.05,0,50,0.1,0.05,0.22535211267605634,87,0.034482758620689655,1.891304347826087,0.0
427,-56.049999999999486,222,0.05,0,50,0.1,0.05,0.22482435597189696,222,0.013513513513513514,6.529411764705882,0.0
428,4.50000000000027,111,0.05,0,50,0.1,0.05,0.22429906542056074,111,0.0,3.0,0.0
429,24.99999999999982,300,0.05,0,50,0.1,0.05,0.22377622377622378,301,0.0,17.705882352941178,0.0
430,65.00000000000026,300,0.05,0,50,0.1,0.05,0.22325581395348837,301,0.009966777408637873,5.901960784313726,258.9266357421875
431,-86.00000000000007,121,0.05,0,50,0.1,0.05,0.22273781902552203,121,0.0,4.033333333333333,0.0
432,45.00000000000071,300,0.05,0,50,0.1,0.05,0.2222222222222222,301,0.0033222591362126247,7.166666666666667,0.0
433,55.00000000000024,300,0.05,0,50,0.1,0.05,0.22170900692840648,301,0.0,12.04,0.0
434,23.90000000000002,123,0.05,0,50,0.1,0.05,0.22119815668202766,123,0.008130081300813009,3.236842105263158,0.0
435,-15.00000000000015,300,0.05,0,50,0.1,0.05,0.2206896551724138,301,0.0033222591362126247,30.1,496.80377197265625
436,135.00000000000003,300,0.05,0,50,0.1,0.05,0.22018348623853212,301,0.0,9.709677419354838,0.0
437,184.99999999999858,300,0.05,0,50,0.1,0.05,0.21967963386727687,301,0.0,6.543478260869565,0.0
438,125.00000000000038,300,0.05,0,50,0.1,0.05,0.2191780821917808,301,0.0,7.921052631578948,0.0
439,-15.000000000000043,300,0.05,0,50,0.1,0.05,0.21867881548974943,301,0.0,37.625,0.0
440,55.0000000000004,300,0.05,0,50,0.1,0.05,0.21818181818181817,301,0.009966777408637873,10.033333333333333,529.1300048828125
441,-18.299999999999784,167,0.05,0,50,0.1,0.05,0.21768707482993196,167,0.017964071856287425,3.2745098039215685,0.0
442,134.99999999999716,300,0.05,0,50,0.1,0.05,0.2171945701357466,301,0.006644518272425249,5.189655172413793,0.0
443,-18.449999999999832,70,0.05,0,50,0.1,0.05,0.21670428893905191,70,0.0,1.044776119402985,0.0
444,-165.00000000000108,300,0.05,0,50,0.1,0.05,0.21621621621621623,301,0.036544850498338874,17.705882352941178,0.0
445,45.00000000000036,300,0.05,0,50,0.1,0.05,0.2157303370786517,301,0.0,9.40625,365.9320983886719
446,75.00000000000067,300,0.05,0,50,0.1,0.05,0.21524663677130046,301,0.006644518272425249,5.472727272727273,0.0
447,35.000000000000746,300,0.05,0,50,0.1,0.05,0.21476510067114093,301,0.0033222591362126247,13.08695652173913,0.0
448,-105.65000000000008,214,0.05,0,50,0.1,0.05,0.21428571428571427,214,0.004672897196261682,15.285714285714286,0.0
449,15.000000000000355,300,0.05,0,50,0.1,0.05,0.21380846325167038,301,0.009966777408637873,9.121212121212121,0.0
450,516.5,70,0.05,1,50,0.1,0.05,0.21555555555555556,71,0.0,17.75,1043.63818359375
451,-181.29999999999941,227,0.05,0,50,0.1,0.05,0.21507760532150777,227,0.0,56.75,0.0
452,194.999999999997,300,0.05,0,50,0.1,0.05,0.21460176991150443,301,0.009966777408637873,5.189655172413793,0.0
453,-200,300,0.05,0,50,0.1,0.05,0.2141280353200883,301,0.046511627906976744,6.543478260869565,0.0
454,-118.15000000000003,64,0.05,0,50,0.1,0.05,0.21365638766519823,64,0.0,0.8205128205128205,0.0
455,-77.69999999999999,155,0.05,0,50,0.1,0.05,0.21318681318681318,155,0.0,3.369565217391304,1512.146240234375
456,-5.000000000000061,300,0.05,0,50,0.1,0.05,0.21271929824561403,301,0.0,11.576923076923077,0.0
457,17.400000000000105,53,0.05,0,50,0.1,0.05,0.212253829321663,53,0.018867924528301886,1.0392156862745099,0.0
458,1.4500000000088562,271,0.05,1,50,0.1,0.05,0.21397379912663755,272,0.125,6.9743589743589745,0.0
459,-34.249999999999815,186,0.05,0,50,0.1,0.05,0.21350762527233116,186,0.0,10.941176470588236,0.0
460,184.99999999999972,300,0.05,0,50,0.1,0.05,0.21304347826086956,301,0.0033222591362126247,6.688888888888889,1419.3604736328125
461,-84.00000000000006,81,0.05,0,50,0.1,0.05,0.21258134490238612,81,0.0,2.7,0.0
462,125.00000000000038,300,0.05,0,50,0.1,0.05,0.21212121212121213,301,0.0,7.341463414634147,0.0
463,-76.80000000000007,137,0.05,0,50,0.1,0.05,0.21166306695464362,137,0.0,3.425,0.0
464,781.7999999999986,164,0.05,1,50,0.1,0.05,0.21336206896551724,165,0.0,2.8448275862068964,0.0
465,-98.54999999999998,72,0.05,0,50,0.1,0.05,0.2129032258064516,72,0.0,3.130434782608696,4052.5478515625
466,85.0000000000006,300,0.05,0,50,0.1,0.05,0.21244635193133046,301,0.006644518272425249,6.142857142857143,0.0
467,-15.000000000000025,300,0.05,0,50,0.1,0.05,0.21199143468950749,301,0.0,37.625,0.0
468,-54.99999999999997,300,0.05,0,50,0.1,0.05,0.21153846153846154,301,0.0033222591362126247,50.166666666666664,0.0
469,-200,165,0.05,0,50,0.1,0.05,0.21108742004264391,165,0.10303030303030303,3.36734693877551,0.0
470,-15.000000000000082,300,0.05,0,50,0.1,0.05,0.21063829787234042,301,0.0,75.25,3917.78271484375
471,-44.9999999999994,300,0.05,0,50,0.1,0.05,0.21019108280254778,301,0.0,60.2,0.0
472,85.0000000000007,300,0.05,0,50,0.1,0.05,0.2097457627118644,301,0.0033222591362126247,10.379310344827585,0.0
473,92.84999999999968,244,0.05,0,50,0.1,0.05,0.20930232558139536,244,0.0,5.304347826086956,0.0
474,95.00000000000082,300,0.05,0,50,0.1,0.05,0.2088607594936709,301,0.0,12.04,0.0
475,45.00000000000083,300,0.05,0,50,0.1,0.05,0.20842105263157895,301,0.0,13.681818181818182,454.3758544921875
476,-57.349999999999326,248,0.05,0,50,0.1,0.05,0.20798319327731093,248,0.012096774193548387,5.391304347826087,0.0
477,214.99999999999696,300,0.05,0,50,0.1,0.05,0.20754716981132076,301,0.0,4.492537313432836,0.0
478,214.99999999999693,300,0.05,0,50,0.1,0.05,0.20711297071129708,301,0.0,6.02,0.0
479,55.00000000000058,300,0.05,0,50,0.1,0.05,0.20668058455114824,301,0.006644518272425249,13.08695652173913,0.0
480,25.00000000000047,300,0.05,0,50,0.1,0.05,0.20625,301,0.0,5.901960784313726,4228.658203125
481,-135.00000000000045,300,0.05,0,50,0.1,0.05,0.20582120582120583,301,0.026578073089700997,13.681818181818182,0.0
482,234.999999999997,300,0.05,0,50,0.1,0.05,0.2053941908713693,301,0.0033222591362126247,5.189655172413793,0.0
483,-200,300,0.05,0,50,0.1,0.05,0.20496894409937888,301,0.09302325581395349,5.016666666666667,0.0
484,14.99999999999979,300,0.05,0,50,0.1,0.05,0.20454545454545456,301,0.0,17.705882352941178,0.0
485,75.00000000000082,300,0.05,0,50,0.1,0.05,0.20412371134020618,301,0.0,9.709677419354838,342.3642578125
486,491.55,69,0.05,1,50,0.1,0.05,0.205761316872428,70,0.014285714285714285,23.333333333333332,0.0
487,573.85,23,0.05,1,50,0.1,0.05,0.20739219712525667,24,0.0,1.6,0.0
488,3.9000000000003183,123,0.05,0,50,0.1,0.05,0.2069672131147541,123,0.0,2.2363636363636363,0.0
489,35.000000000000455,300,0.05,0,50,0.1,0.05,0.2065439672801636,301,0.0033222591362126247,17.705882352941178,0.0
490,34.49999999999946,111,0.05,0,50,0.1,0.05,0.20612244897959184,111,0.0,1.88135593220339,4425.3525390625
491,95.00000000000082,300,0.05,0,50,0.1,0.05,0.20570264765784113,301,0.006644518272425249,9.40625,0.0
492,-34.99999999999993,300,0.05,0,50,0.1,0.05,0.20528455284552846,301,0.0,25.083333333333332,0.0
493,45.000000000000625,300,0.05,0,50,0.1,0.05,0.20486815415821502,301,0.016611295681063124,6.142857142857143,0.0
494,-140.94999999999993,120,0.05,0,50,0.1,0.05,0.20445344129554655,120,0.0,30.0,0.0
495,587.0000000000001,60,0.05,1,50,0.1,0.05,0.20606060606060606,61,0.0,3.388888888888889,1837.6202392578125
496,692.9499999999999,41,0.05,1,50,0.1,0.05,0.20766129032258066,42,0.0,1.0769230769230769,0.0
497,225.00000000000014,300,0.05,0,50,0.1,0.05,0.20724346076458752,301,0.0033222591362126247,5.101694915254237,0.0
498,-185.0000000000027,300,0.05,0,50,0.1,0.05,0.20682730923694778,301,0.03986710963455149,13.681818181818182,0.0
499,541.2499999999999,275,0.05,1,50,0.1,0.05,0.20841683366733466,276,0.0036231884057971015,18.4,0.0
500,-64.99999999999952,300,0.05,0,50,0.1,0.05,0.208,301,0.009966777408637873,37.625,645.2208251953125
501,95.00000000000009,300,0.05,0,50,0.1,0.05,0.20758483033932135,301,0.0033222591362126247,10.033333333333333,0.0
502,55.00000000000077,300,0.05,0,50,0.1,0.05,0.20717131474103587,301,0.0033222591362126247,17.705882352941178,0.0
503,124.9999999999989,300,0.05,0,50,0.1,0.05,0.20675944333996024,301,0.0,9.40625,0.0
504,154.9999999999971,300,0.05,0,50,0.1,0.05,0.20634920634920634,301,0.0033222591362126247,6.840909090909091,0.0
505,520.3499999999999,93,0.05,1,50,0.1,0.05,0.2079207920792079,94,0.0,18.8,2712.15966796875
506,585.1,98,0.05,1,50,0.1,0.05,0.20948616600790515,99,0.0,5.5,0.0
507,-15.000000000000096,300,0.05,0,50,0.1,0.05,0.20907297830374755,301,0.0033222591362126247,60.2,0.0
508,-15.000000000000021,300,0.05,0,50,0.1,0.05,0.20866141732283464,301,0.0033222591362126247,20.066666666666666,0.0
509,721.3499999999976,273,0.05,1,50,0.1,0.05,0.21021611001964635,274,0.010948905109489052,4.6440677966101696,0.0
510,234.99999999999716,300,0.05,0,50,0.1,0.05,0.20980392156862746,301,0.0033222591362126247,5.101694915254237,86.049072265625
511,575.2500000000005,195,0.05,1,50,0.1,0.05,0.21135029354207435,196,0.015306122448979591,6.758620689655173,0.0
512,95.00000000000081,300,0.05,0,50,0.1,0.05,0.2109375,301,0.009966777408637873,7.166666666666667,0.0
513,857.699999999998,246,0.05,1,50,0.1,0.05,0.2124756335282651,247,0.004048582995951417,3.1666666666666665,0.0
514,134.99999999999883,300,0.05,0,50,0.1,0.05,0.21206225680933852,301,0.0033222591362126247,6.543478260869565,0.0
515,-5.000000000000033,300,0.05,0,50,0.1,0.05,0.21165048543689322,301,0.0,50.166666666666664,113.63207244873047
516,-124.10000000000005,83,0.05,0,50,0.1,0.05,0.21124031007751937,83,0.012048192771084338,1.8043478260869565,0.0
517,-54.99999999999988,300,0.05,0,50,0.1,0.05,0.21083172147001933,301,0.006644518272425249,15.05,0.0
518,35.00000000000072,300,0.05,0,50,0.1,0.05,0.21042471042471042,301,0.009966777408637873,9.121212121212121,0.0
519,55.00000000000081,300,0.05,0,50,0.1,0.05,0.21001926782273603,301,0.0033222591362126247,13.08695652173913,0.0
520,35.00000000000037,300,0.05,0,50,0.1,0.05,0.20961538461538462,301,0.006644518272425249,15.05,131.24978637695312
521,570.1500000000007,297,0.05,1,50,0.1,0.05,0.21113243761996162,298,0.006711409395973154,11.92,0.0
522,5.000000000000035,300,0.05,0,50,0.1,0.05,0.210727969348659,301,0.0,43.0,0.0
523,85.00000000000081,300,0.05,0,50,0.1,0.05,0.21032504780114722,301,0.0,12.04,0.0
524,-200,300,0.05,0,50,0.1,0.05,0.2099236641221374,301,0.0664451827242525,9.709677419354838,0.0
525,105.00000000000082,300,0.05,0,50,0.1,0.05,0.20952380952380953,301,0.0,7.0,3067.078857421875
526,701.4499999999977,271,0.05,1,50,0.1,0.05,0.21102661596958175,272,0.0,6.325581395348837,0.0
527,625.7500000000001,185,0.05,1,50,0.1,0.05,0.2125237191650854,186,0.010752688172043012,5.314285714285714,0.0
528,568.3500000000001,133,0.05,1,50,0.1,0.05,0.21401515151515152,134,0.0,8.933333333333334,0.0
529,-5.000000000000037,300,0.05,0,50,0.1,0.05,0.21361058601134217,301,0.006644518272425249,8.36111111111111,0.0
530,-55.00000000000009,300,0.05,0,50,0.1,0.05,0.21320754716981133,301,0.006644518272425249,60.2,94.38408660888672
531,498.15000000000003,137,0.05,1,50,0.1,0.05,0.21468926553672316,138,0.007246376811594203,27.6,0.0
532,-4.999999999999647,300,0.05,0,50,0.1,0.05,0.21428571428571427,301,0.016611295681063124,6.02,0.0
533,-9.949999999999406,300,0.05,0,50,0.1,0.05,0.21388367729831145,300,0.01,6.521739130434782,0.0
534,85.00000000000074,300,0.05,0,50,0.1,0.05,0.21348314606741572,301,0.0,13.08695652173913,0.0
535,35.000000000000355,300,0.05,0,50,0.1,0.05,0.2130841121495327,301,0.013289036544850499,8.36111111111111,382.1118469238281
536,124.99999999999888,300,0.05,0,50,0.1,0.05,0.2126865671641791,301,0.0033222591362126247,9.121212121212121,0.0
537,124.99999999999743,300,0.05,0,50,0.1,0.05,0.2122905027932961,301,0.0033222591362126247,8.852941176470589,0.0
538,75.00000000000082,300,0.05,0,50,0.1,0.05,0.21189591078066913,301,0.0033222591362126247,5.901960784313726,0.0
539,565.1000000000007,298,0.05,1,50,0.1,0.05,0.21335807050092764,299,0.0,18.6875,0.0
540,-75.00000000000006,300,0.05,0,50,0.1,0.05,0.21296296296296297,301,0.013289036544850499,8.852941176470589,238.0363006591797
541,115.00000000000082,300,0.05,0,50,0.1,0.05,0.21256931608133087,301,0.0033222591362126247,9.709677419354838,0.0
542,-200,300,0.05,0,50,0.1,0.05,0.21217712177121772,301,0.04983388704318937,12.541666666666666,0.0
543,617.5500000000002,149,0.05,1,50,0.1,0.05,0.2136279926335175,150,0.02,4.545454545454546,0.0
544,-147.95000000000002,60,0.05,0,50,0.1,0.05,0.21323529411764705,60,0.0,1.1764705882352942,0.0
545,34.999999999999964,300,0.05,0,50,0.1,0.05,0.21284403669724772,301,0.009966777408637873,13.08695652173913,170.76351928710938
546,-35.0000000000001,300,0.05,0,50,0.1,0.05,0.21245421245421245,301,0.009966777408637873,6.543478260869565,0.0
547,-44.99999999999968,300,0.05,0,50,0.1,0.05,0.21206581352833637,301,0.006644518272425249,4.492537313432836,0.0
548,85.00000000000028,300,0.05,0,50,0.1,0.05,0.2116788321167883,301,0.009966777408637873,8.852941176470589,0.0
549,-33.34999999999958,168,0.05,0,50,0.1,0.05,0.21129326047358835,168,0.005952380952380952,4.421052631578948,0.0
550,559.2,16,0.05,1,50,0.1,0.05,0.21272727272727274,17,0.0,1.4166666666666667,1054.1053466796875
551,144.99999999999824,300,0.05,0,50,0.1,0.05,0.21234119782214156,301,0.009966777408637873,6.270833333333333,0.0
552,590.0500000000008,299,0.05,1,50,0.1,0.05,0.213768115942029,300,0.0033333333333333335,12.0,0.0
553,75.00000000000048,300,0.05,0,50,0.1,0.05,0.21338155515370705,301,0.0,12.04,0.0
554,-200,300,0.05,0,50,0.1,0.05,0.21299638989169675,301,0.046511627906976744,6.543478260869565,0.0
555,339.74999999999983,105,0.05,1,50,0.1,0.05,0.21441441441441442,106,0.14150943396226415,3.6551724137931036,140.8091583251953
556,35.000000000000774,300,0.05,0,50,0.1,0.05,0.21402877697841727,301,0.0,18.8125,0.0
557,615.1000000000007,298,0.05,1,50,0.1,0.05,0.21543985637342908,299,0.0033444816053511705,9.966666666666667,0.0
558,-200,300,0.05,0,50,0.1,0.05,0.21505376344086022,301,0.0664451827242525,9.121212121212121,0.0
559,-14.999999999999844,300,0.05,0,50,0.1,0.05,0.2146690518783542,301,0.013289036544850499,7.0,0.0
560,55.00000000000081,300,0.05,0,50,0.1,0.05,0.21428571428571427,301,0.0033222591362126247,17.705882352941178,1384.5394287109375
561,741.0999999999983,178,0.05,1,50,0.1,0.05,0.21568627450980393,179,0.0,3.58,0.0
562,35.00000000000059,300,0.05,0,50,0.1,0.05,0.21530249110320285,301,0.006644518272425249,12.04,0.0
563,5.00000000000056,300,0.05,0,50,0.1,0.05,0.21492007104795738,301,0.006644518272425249,18.8125,0.0
564,65.00000000000044,300,0.05,0,50,0.1,0.05,0.21453900709219859,301,0.006644518272425249,11.576923076923077,0.0
565,25.000000000000043,300,0.05,0,50,0.1,0.05,0.21415929203539824,301,0.0,5.189655172413793,839.0751953125
566,-4.999999999999978,300,0.05,0,50,0.1,0.05,0.2137809187279152,301,0.0,11.576923076923077,0.0
567,-25.00000000000003,300,0.05,0,50,0.1,0.05,0.21340388007054673,301,0.009966777408637873,21.5,0.0
568,484.49999999999994,110,0.05,1,50,0.1,0.05,0.2147887323943662,111,0.02702702702702703,11.1,0.0
569,155.0000000000006,300,0.05,0,50,0.1,0.05,0.21441124780316345,301,0.0033222591362126247,6.543478260869565,0.0
570,95.00000000000082,300,0.05,0,50,0.1,0.05,0.21403508771929824,301,0.006644518272425249,9.40625,121.76813507080078
571,-34.999999999999794,300,0.05,0,50,0.1,0.05,0.2136602451838879,301,0.0,4.854838709677419,0.0
572,-200,300,0.05,0,50,0.1,0.05,0.21328671328671328,301,0.4186046511627907,10.033333333333333,0.0
573,5.00000000000031,300,0.05,0,50,0.1,0.05,0.21291448516579406,301,0.016611295681063124,8.135135135135135,0.0
574,487.50000000000006,250,0.05,1,50,0.1,0.05,0.21428571428571427,251,0.0199203187250996,12.55,0.0
575,-34.999999999999986,300,0.05,0,50,0.1,0.05,0.21391304347826087,301,0.0033222591362126247,7.0,452.8627624511719
576,-200,300,0.05,0,50,0.1,0.05,0.21354166666666666,301,0.06312292358803986,12.04,0.0
577,-200,300,0.05,0,50,0.1,0.05,0.21317157712305027,301,0.06976744186046512,6.404255319148936,0.0
578,-34.99999999999983,300,0.05,0,50,0.1,0.05,0.21280276816608998,301,0.013289036544850499,7.921052631578948,0.0
579,134.99999999999736,300,0.05,0,50,0.1,0.05,0.21243523316062177,301,0.0,7.166666666666667,0.0
580,-3.9000000000023505,279,0.05,0,50,0.1,0.05,0.2120689655172414,279,0.0,3.576923076923077,200.39633178710938
581,-65.00000000000001,300,0.05,0,50,0.1,0.05,0.2117039586919105,301,0.013289036544850499,30.1,0.0
582,-45.54999999999999,12,0.05,0,50,0.1,0.05,0.211340206185567,12,0.0,0.2608695652173913,0.0
583,469.30000000000007,214,0.05,1,50,0.1,0.05,0.21269296740994853,215,0.009302325581395349,53.75,0.0
584,-115.80000000000003,117,0.05,0,50,0.1,0.05,0.21232876712328766,117,0.0,19.5,0.0
585,548.6,28,0.05,1,50,0.1,0.05,0.21367521367521367,29,0.0,2.9,373.4256286621094
586,456.5000000000007,270,0.05,1,50,0.1,0.05,0.2150170648464164,271,0.04797047970479705,5.891304347826087,0.0
587,635.2499999999998,195,0.05,1,50,0.1,0.05,0.21635434412265758,196,0.00510204081632653,5.9393939393939394,0.0
588,-97.94999999999999,60,0.05,0,50,0.1,0.05,0.21598639455782312,60,0.0,2.0,0.0
589,-94.99999999999987,300,0.05,0,50,0.1,0.05,0.21561969439728354,301,0.023255813953488372,6.688888888888889,0.0
590,-200,300,0.05,0,50,0.1,0.05,0.21525423728813559,301,0.33222591362126247,21.5,1637.7958984375
591,621.0000000000005,180,0.05,1,50,0.1,0.05,0.21658206429780033,181,0.0,6.961538461538462,0.0
592,75.00000000000078,300,0.05,0,50,0.1,0.05,0.21621621621621623,301,0.0033222591362126247,7.717948717948718,0.0
593,711.9999999999986,160,0.05,1,50,0.1,0.05,0.2175379426644182,161,0.0,3.659090909090909,0.0
594,-195.0000000000015,300,0.05,0,50,0.1,0.05,0.21717171717171718,301,0.03986710963455149,17.705882352941178,0.0
595,13.150000000000588,238,0.05,0,50,0.1,0.05,0.21680672268907564,238,0.004201680672268907,5.804878048780488,236.19625854492188
596,184.99999999999946,300,0.05,0,50,0.1,0.05,0.21644295302013422,301,0.006644518272425249,5.788461538461538,0.0
597,144.99999999999864,300,0.05,0,50,0.1,0.05,0.21608040201005024,301,0.0033222591362126247,6.142857142857143,0.0
598,85.00000000000044,300,0.05,0,50,0.1,0.05,0.2157190635451505,301,0.0,12.541666666666666,0.0
599,194.99999999999693,300,0.05,0,50,0.1,0.05,0.21535893155258765,301,0.0,5.189655172413793,0.0
600,-54.99999999999953,300,0.05,0,50,0.1,0.05,0.215,301,0.0033222591362126247,37.625,1418.034912109375
601,35.00000000000068,300,0.05,0,50,0.1,0.05,0.2146422628951747,301,0.0033222591362126247,14.333333333333334,0.0
602,35.00000000000068,300,0.05,0,50,0.1,0.05,0.21428571428571427,301,0.009966777408637873,4.703125,0.0
603,-14.999999999999762,300,0.05,0,50,0.1,0.05,0.21393034825870647,301,0.019933554817275746,6.142857142857143,0.0
604,65.00000000000078,300,0.05,0,50,0.1,0.05,0.21357615894039736,301,0.0,12.541666666666666,0.0
605,55.00000000000068,300,0.05,0,50,0.1,0.05,0.21322314049586777,301,0.0,13.681818181818182,135.29937744140625
606,-25.000000000000178,300,0.05,0,50,0.1,0.05,0.21287128712871287,301,0.0,6.142857142857143,0.0
607,-145.00000000000074,300,0.05,0,50,0.1,0.05,0.21252059308072488,301,0.026578073089700997,11.576923076923077,0.0
608,-200,154,0.05,0,50,0.1,0.05,0.21217105263157895,154,0.12337662337662338,3.08,0.0
609,-35.00000000000003,300,0.05,0,50,0.1,0.05,0.21182266009852216,301,0.0033222591362126247,9.40625,0.0
610,26.949999999999292,162,0.05,0,50,0.1,0.05,0.21147540983606558,162,0.0,2.53125,41.09450912475586
611,-5.000000000000132,300,0.05,0,50,0.1,0.05,0.21112929623567922,301,0.013289036544850499,8.135135135135135,0.0
612,-4.999999999999983,300,0.05,0,50,0.1,0.05,0.2107843137254902,301,0.0,14.333333333333334,0.0
613,-15.0,300,0.05,0,50,0.1,0.05,0.21044045676998369,301,0.006644518272425249,15.05,0.0
614,514.1,118,0.05,1,50,0.1,0.05,0.21172638436482086,119,0.0,29.75,0.0
615,-200,300,0.05,0,50,0.1,0.05,0.21138211382113822,301,0.06976744186046512,7.0,1196.0355224609375
616,-67.05,42,0.05,0,50,0.1,0.05,0.21103896103896103,42,0.0,2.625,0.0
617,-101.5,31,0.05,0,50,0.1,0.05,0.2106969205834684,31,0.0,1.0333333333333334,0.0
618,75.00000000000072,300,0.05,0,50,0.1,0.05,0.21035598705501618,301,0.0,5.189655172413793,0.0
619,-200,300,0.05,0,50,0.1,0.05,0.210016155088853,301,0.13953488372093023,15.05,0.0
620,-42.09999999999992,43,0.05,0,50,0.1,0.05,0.20967741935483872,43,0.023255813953488372,1.2647058823529411,2783.91748046875
621,-200,300,0.05,0,50,0.1,0.05,0.20933977455716588,301,0.18604651162790697,16.72222222222222,0.0
622,-103.15000000000005,164,0.05,0,50,0.1,0.05,0.2090032154340836,164,0.006097560975609756,3.813953488372093,0.0
623,-195.00000000000148,300,0.05,0,50,0.1,0.05,0.2086677367576244,301,0.03986710963455149,7.0,0.0
624,105.00000000000016,300,0.05,0,50,0.1,0.05,0.20833333333333334,301,0.009966777408637873,7.166666666666667,0.0
625,-145.00000000000122,300,0.05,0,50,0.1,0.05,0.208,301,0.019933554817275746,7.717948717948718,48.44438171386719
626,144.99999999999818,300,0.05,0,50,0.1,0.05,0.20766773162939298,301,0.016611295681063124,4.5606060606060606,0.0
627,519.8,4,0.05,1,50,0.1,0.05,0.20893141945773525,5,0.0,1.25,0.0
628,14.99999999999985,300,0.05,0,50,0.1,0.05,0.2085987261146497,301,0.0,13.681818181818182,0.0
629,-74.99999999999969,300,0.05,0,50,0.1,0.05,0.2082670906200318,301,0.03322259136212625,7.525,0.0
630,-118.45000000000002,70,0.05,0,50,0.1,0.05,0.20793650793650795,70,0.0,1.25,64.46219635009766
631,566.7000000000002,66,0.05,1,50,0.1,0.05,0.2091917591125198,67,0.0,4.785714285714286,0.0
632,35.00000000000057,300,0.05,0,50,0.1,0.05,0.2088607594936709,301,0.0,25.083333333333332,0.0
633,591.6500000000001,67,0.05,1,50,0.1,0.05,0.21011058451816747,68,0.0,3.5789473684210527,0.0
634,75.00000000000077,300,0.05,0,50,0.1,0.05,0.20977917981072555,301,0.0033222591362126247,7.0,0.0
635,55.000000000000824,300,0.05,0,50,0.1,0.05,0.2094488188976378,301,0.0033222591362126247,14.333333333333334,219.55538940429688
636,630.2000000000005,196,0.05,1,50,0.1,0.05,0.21069182389937108,197,0.005076142131979695,6.15625,0.0
637,589.9500000000003,101,0.05,1,50,0.1,0.05,0.2119309262166405,102,0.00980392156862745,4.434782608695652,0.0
638,35.000000000000234,300,0.05,0,50,0.1,0.05,0.2115987460815047,301,0.006644518272425249,11.576923076923077,0.0
639,522.8499999999999,43,0.05,1,50,0.1,0.05,0.21283255086071987,44,0.0,8.8,0.0
640,668.8500000000001,123,0.05,1,50,0.1,0.05,0.2140625,124,0.008064516129032258,3.1794871794871793,183.60203552246094
641,15.000000000000348,300,0.05,0,50,0.1,0.05,0.21372854914196568,301,0.016611295681063124,7.0,0.0
642,68.34999999999889,134,0.05,0,50,0.1,0.05,0.21339563862928349,134,0.007462686567164179,2.68,0.0
643,194.99999999999727,300,0.05,0,50,0.1,0.05,0.2130637636080871,301,0.009966777408637873,4.854838709677419,0.0
644,75.00000000000013,300,0.05,0,50,0.1,0.05,0.2127329192546584,301,0.0033222591362126247,6.02,0.0
645,45.00000000000082,300,0.05,0,50,0.1,0.05,0.2124031007751938,301,0.0,18.8125,969.87939453125
646,95.09999999999945,99,0.05,0,50,0.1,0.05,0.21207430340557276,99,0.0,1.5,0.0
647,-34.99999999999995,300,0.05,0,50,0.1,0.05,0.2117465224111283,301,0.009966777408637873,10.033333333333333,0.0
648,-15.0,300,0.05,0,50,0.1,0.05,0.21141975308641975,301,0.0,5.189655172413793,0.0
649,144.99999999999696,300,0.05,0,50,0.1,0.05,0.2110939907550077,301,0.006644518272425249,7.166666666666667,0.0
650,-55.000000000000085,300,0.05,0,50,0.1,0.05,0.21076923076923076,301,0.023255813953488372,11.576923076923077,1123.436279296875
651,-45.00000000000016,300,0.05,0,50,0.1,0.05,0.21044546850998463,301,0.009966777408637873,16.72222222222222,0.0
652,-64.9999999999998,300,0.05,0,50,0.1,0.05,0.21012269938650308,301,0.009966777408637873,11.576923076923077,0.0
653,-134.99999999999923,300,0.05,0,50,0.1,0.05,0.20980091883614088,301,0.013289036544850499,25.083333333333332,0.0
654,-71.30000000000001,27,0.05,0,50,0.1,0.05,0.20948012232415902,27,0.0,1.588235294117647,0.0
655,184.9999999999974,300,0.05,0,50,0.1,0.05,0.20916030534351146,301,0.0,6.02,1108.162353515625
656,-200,300,0.05,0,50,0.1,0.05,0.20884146341463414,301,0.07641196013289037,60.2,0.0
657,621.3499999999992,273,0.05,1,50,0.1,0.05,0.2100456621004566,274,0.0072992700729927005,7.828571428571428,0.0
658,35.00000000000072,300,0.05,0,50,0.1,0.05,0.20972644376899696,301,0.0033222591362126247,13.681818181818182,0.0
659,164.99999999999736,300,0.05,0,50,0.1,0.05,0.2094081942336874,301,0.0033222591362126247,5.189655172413793,0.0
660,15.00000000000065,300,0.05,0,50,0.1,0.05,0.20909090909090908,301,0.013289036544850499,7.0,876.0044555664062
661,14.999999999999499,300,0.05,0,50,0.1,0.05,0.2087745839636914,301,0.03986710963455149,4.854838709677419,0.0
662,725.6999999999994,86,0.05,1,50,0.1,0.05,0.20996978851963746,87,0.011494252873563218,1.74,0.0
663,490.05,299,0.05,1,50,0.1,0.05,0.21116138763197587,300,0.0033333333333333335,60.0,0.0
664,-95.45,10,0.05,0,50,0.1,0.05,0.21084337349397592,10,0.0,0.5882352941176471,0.0
665,-80.2,5,0.05,0,50,0.1,0.05,0.21052631578947367,5,0.0,0.07142857142857142,178.20407104492188
666,65.00000000000082,300,0.05,0,50,0.1,0.05,0.21021021021021022,301,0.0033222591362126247,9.121212121212121,0.0
667,-24.999999999999993,300,0.05,0,50,0.1,0.05,0.2098950524737631,301,0.006644518272425249,33.44444444444444,0.0
668,-90.2,5,0.05,0,50,0.1,0.05,0.20958083832335328,5,0.0,0.10204081632653061,0.0
669,-200,300,0.05,0,50,0.1,0.05,0.20926756352765322,301,0.06976744186046512,6.688888888888889,0.0
670,-200,300,0.05,0,50,0.1,0.05,0.208955223880597,301,0.07641196013289037,15.05,834.1790161132812
671,-200,300,0.05,0,50,0.1,0.05,0.20864381520119224,301,0.03986710963455149,15.05,0.0
672,95.00000000000082,300,0.05,0,50,0.1,0.05,0.20833333333333334,301,0.0033222591362126247,9.40625,0.0
673,115.00000000000044,300,0.05,0,50,0.1,0.05,0.20802377414561665,301,0.0,6.142857142857143,0.0
674,284.9999999999976,300,0.05,0,50,0.1,0.05,0.20771513353115728,301,0.006644518272425249,3.858974358974359,0.0
675,3.150000000000645,238,0.05,0,50,0.1,0.05,0.2074074074074074,238,0.0,4.327272727272727,122.40950012207031
676,-25.000000000000156,300,0.05,0,50,0.1,0.05,0.20710059171597633,301,0.0,75.25,0.0
677,45.00000000000042,300,0.05,0,50,0.1,0.05,0.206794682422452,301,0.0,7.921052631578948,0.0
678,-121.80000000000005,237,0.05,0,50,0.1,0.05,0.20648967551622419,237,0.008438818565400843,7.9,0.0
679,-200,300,0.05,0,50,0.1,0.05,0.20618556701030927,301,0.24584717607973422,9.121212121212121,0.0
680,-200,300,0.05,0,50,0.1,0.05,0.20588235294117646,301,0.15282392026578073,13.08695652173913,866.2601318359375
681,-124.99999999999936,300,0.05,0,50,0.1,0.05,0.2055800293685756,301,0.029900332225913623,10.379310344827585,0.0
682,604.3500000000005,213,0.05,1,50,0.1,0.05,0.20674486803519063,214,0.0,9.304347826086957,0.0
683,55.0000000000001,300,0.05,0,50,0.1,0.05,0.20644216691068815,301,0.0,9.40625,0.0
684,-5.000000000000047,300,0.05,0,50,0.1,0.05,0.20614035087719298,301,0.0033222591362126247,25.083333333333332,0.0
685,14.999999999999922,300,0.05,0,50,0.1,0.05,0.20583941605839415,301,0.0033222591362126247,17.705882352941178,116.15757751464844
686,15.000000000000618,300,0.05,0,50,0.1,0.05,0.2055393586005831,301,0.006644518272425249,10.379310344827585,0.0
687,-126.05,22,0.05,0,50,0.1,0.05,0.2052401746724891,22,0.0,1.8333333333333333,0.0
688,-94.59999999999998,93,0.05,0,50,0.1,0.05,0.20494186046511628,93,0.010752688172043012,3.1,0.0
689,104.99999999999841,300,0.05,0,50,0.1,0.05,0.204644412191582,301,0.013289036544850499,6.02,0.0
690,-15.000000000000089,300,0.05,0,50,0.1,0.05,0.20434782608695654,301,0.0033222591362126247,60.2,175.17733764648438
691,75.00000000000067,300,0.05,0,50,0.1,0.05,0.2040520984081042,301,0.0033222591362126247,6.688888888888889,0.0
692,-104.99999999999993,300,0.05,0,50,0.1,0.05,0.203757225433526,301,0.029900332225913623,8.852941176470589,0.0
693,25.000000000000668,300,0.05,0,50,0.1,0.05,0.20346320346320346,301,0.0,23.153846153846153,0.0
694,114.99999999999987,300,0.05,0,50,0.1,0.05,0.20317002881844382,301,0.0033222591362126247,5.101694915254237,0.0
695,-200,300,0.05,0,50,0.1,0.05,0.20287769784172663,301,0.05647840531561462,10.379310344827585,319.1607360839844
696,35.00000000000067,300,0.05,0,50,0.1,0.05,0.2025862068965517,301,0.0033222591362126247,7.717948717948718,0.0
697,-35.00000000000015,300,0.05,0,50,0.1,0.05,0.20229555236728838,301,0.0033222591362126247,7.525,0.0
698,154.99999999999875,300,0.05,0,50,0.1,0.05,0.2020057306590258,301,0.006644518272425249,6.688888888888889,0.0
699,-24.999999999999872,300,0.05,0,50,0.1,0.05,0.2017167381974249,301,0.006644518272425249,14.333333333333334,0.0
700,-93.35000000000008,168,0.05,0,50,0.1,0.05,0.20142857142857143,168,0.0,9.882352941176471,502.828857421875
701,554.25,15,0.05,1,50,0.1,0.05,0.20256776034236804,16,0.0,1.4545454545454546,0.0
702,59.899999999998954,203,0.05,0,50,0.1,0.05,0.2022792022792023,203,0.009852216748768473,3.0757575757575757,0.0
703,134.99999999999903,300,0.05,0,50,0.1,0.05,0.2019914651493599,301,0.006644518272425249,7.341463414634147,0.0
704,115.00000000000045,300,0.05,0,50,0.1,0.05,0.20170454545454544,301,0.0033222591362126247,5.189655172413793,0.0
705,164.99999999999878,300,0.05,0,50,0.1,0.05,0.20141843971631207,301,0.006644518272425249,6.270833333333333,61.32671356201172
706,-200,300,0.05,0,50,0.1,0.05,0.20113314447592068,301,0.15614617940199335,10.033333333333333,0.0
707,174.99999999999991,300,0.05,0,50,0.1,0.05,0.20084865629420084,301,0.009966777408637873,5.901960784313726,0.0
708,25.0000000000005,300,0.05,0,50,0.1,0.05,0.20056497175141244,301,0.0033222591362126247,20.066666666666666,0.0
709,274.9999999999987,300,0.05,0,50,0.1,0.05,0.2002820874471086,301,0.0,4.703125,0.0
710,-25.000000000000142,300,0.05,0,50,0.1,0.05,0.2,301,0.006644518272425249,13.681818181818182,1018.8084716796875
711,-25.000000000000142,300,0.05,0,50,0.1,0.05,0.19971870604781997,301,0.006644518272425249,13.08695652173913,0.0
712,568.8,24,0.05,1,50,0.1,0.05,0.20084269662921347,25,0.04,1.3888888888888888,0.0
713,15.000000000000387,300,0.05,0,50,0.1,0.05,0.2005610098176718,301,0.013289036544850499,7.525,0.0
714,-64.99999999999953,300,0.05,0,50,0.1,0.05,0.20028011204481794,301,0.016611295681063124,11.148148148148149,0.0
715,519.5,10,0.05,1,50,0.1,0.05,0.2013986013986014,11,0.0,2.75,989.1600341796875
716,55.000000000000114,300,0.05,0,50,0.1,0.05,0.2011173184357542,301,0.013289036544850499,8.852941176470589,0.0
717,35.00000000000059,300,0.05,0,50,0.1,0.05,0.200836820083682,301,0.009966777408637873,9.121212121212121,0.0
718,44.99999999999991,300,0.05,0,50,0.1,0.05,0.20055710306406685,301,0.0033222591362126247,16.72222222222222,0.0
719,224.9999999999985,300,0.05,0,50,0.1,0.05,0.20027816411682892,301,0.0033222591362126247,4.854838709677419,0.0
720,578.3,34,0.05,1,50,0.1,0.05,0.2013888888888889,35,0.0,2.1875,225.52610778808594
721,-200,300,0.05,0,50,0.1,0.05,0.20110957004160887,301,0.03986710963455149,17.705882352941178,0.0
722,62.799999999998704,145,0.05,0,50,0.1,0.05,0.20083102493074792,145,0.0,2.9,0.0
723,125.00000000000024,300,0.05,0,50,0.1,0.05,0.20055325034578148,301,0.0033222591362126247,7.921052631578948,0.0
724,523.6500000000002,227,0.05,1,50,0.1,0.05,0.20165745856353592,228,0.008771929824561403,15.2,0.0
725,55.099999999999284,99,0.05,0,50,0.1,0.05,0.2013793103448276,99,0.0,2.6052631578947367,1750.2276611328125
726,-15.00000000000016,300,0.05,0,50,0.1,0.05,0.20110192837465565,301,0.0,9.121212121212121,0.0
727,164.99999999999696,300,0.05,0,50,0.1,0.05,0.20082530949105915,301,0.0,6.404255319148936,0.0
728,-200,121,0.05,0,50,0.1,0.05,0.20054945054945056,121,0.05785123966942149,1.8333333333333333,0.0
729,204.99999999999883,300,0.05,0,50,0.1,0.05,0.20027434842249658,301,0.016611295681063124,4.5606060606060606,0.0
730,4.999999999999926,300,0.05,0,50,0.1,0.05,0.2,301,0.0,21.5,174.60003662109375
731,587.8500000000004,143,0.05,1,50,0.1,0.05,0.20109439124487005,144,0.006944444444444444,6.260869565217392,0.0
732,124.99999999999731,300,0.05,0,50,0.1,0.05,0.20081967213114754,301,0.009966777408637873,5.189655172413793,0.0
733,224.9999999999992,300,0.05,0,50,0.1,0.05,0.20054570259208732,301,0.0033222591362126247,5.101694915254237,0.0
734,24.99999999999995,300,0.05,0,50,0.1,0.05,0.20027247956403268,301,0.0,23.153846153846153,0.0
735,35.00000000000082,300,0.05,0,50,0.1,0.05,0.2,301,0.0,16.72222222222222,51.27164077758789
736,-200,300,0.05,0,50,0.1,0.05,0.19972826086956522,301,0.04983388704318937,7.921052631578948,0.0
737,-95.79999999999973,117,0.05,0,50,0.1,0.05,0.1994572591587517,117,0.02564102564102564,3.4411764705882355,0.0
738,105.0000000000008,300,0.05,0,50,0.1,0.05,0.1991869918699187,301,0.0,5.472727272727273,0.0
739,-102.70000000000013,255,0.05,0,50,0.1,0.05,0.19891745602165087,255,0.011764705882352941,6.538461538461538,0.0
740,-165.7999999999998,117,0.05,0,50,0.1,0.05,0.19864864864864865,117,0.03418803418803419,3.5454545454545454,799.7911987304688
741,105.00000000000077,300,0.05,0,50,0.1,0.05,0.19838056680161945,301,0.0033222591362126247,9.121212121212121,0.0
742,519.8,4,0.05,1,50,0.1,0.05,0.19946091644204852,5,0.0,1.25,0.0
743,85.00000000000082,300,0.05,0,50,0.1,0.05,0.19919246298788695,301,0.0033222591362126247,11.576923076923077,0.0
744,75.00000000000078,300,0.05,0,50,0.1,0.05,0.1989247311827957,301,0.0033222591362126247,6.543478260869565,0.0
745,533.3,134,0.05,1,50,0.1,0.05,0.2,135,0.0,16.875,1023.0570068359375
746,-105.64999999999999,14,0.05,0,50,0.1,0.05,0.19973190348525469,14,0.0,0.2,0.0
747,154.99999999999915,300,0.05,0,50,0.1,0.05,0.1994645247657296,301,0.0033222591362126247,7.0,0.0
748,35.000000000000114,300,0.05,0,50,0.1,0.05,0.19919786096256684,301,0.006644518272425249,17.705882352941178,0.0
749,45.000000000000526,300,0.05,0,50,0.1,0.05,0.19893190921228304,301,0.0,6.688888888888889,0.0
750,25.000000000000078,300,0.05,0,50,0.1,0.05,0.19866666666666666,301,0.0,27.363636363636363,800.0184936523438
751,304.9999999999971,300,0.05,0,50,0.1,0.05,0.19840213049267644,301,0.0033222591362126247,4.3,0.0
752,-200,300,0.05,0,50,0.1,0.05,0.1981382978723404,301,0.07308970099667775,6.02,0.0
753,660.4999999999991,190,0.05,1,50,0.1,0.05,0.199203187250996,191,0.0,5.617647058823529,0.0
754,204.99999999999693,300,0.05,0,50,0.1,0.05,0.1989389920424403,301,0.016611295681063124,4.5606060606060606,0.0
755,-51.699999999999974,35,0.05,0,50,0.1,0.05,0.1986754966887417,35,0.02857142857142857,1.09375,737.5523681640625
756,164.999999999997,300,0.05,0,50,0.1,0.05,0.1984126984126984,301,0.006644518272425249,6.543478260869565,0.0
757,224.99999999999733,300,0.05,0,50,0.1,0.05,0.19815059445178335,301,0.013289036544850499,4.3,0.0
758,95.00000000000082,300,0.05,0,50,0.1,0.05,0.19788918205804748,301,0.0033222591362126247,8.852941176470589,0.0
759,782.8999999999987,142,0.05,1,50,0.1,0.05,0.19894598155467721,143,0.0,2.4655172413793105,0.0
760,-64.99999999999942,300,0.05,0,50,0.1,0.05,0.1986842105263158,301,0.046511627906976744,5.901960784313726,58.85707092285156
761,619.8500000000001,103,0.05,1,50,0.1,0.05,0.19973718791064388,104,0.019230769230769232,3.1515151515151514,0.0
762,154.9999999999977,300,0.05,0,50,0.1,0.05,0.1994750656167979,301,0.0033222591362126247,6.543478260869565,0.0
763,55.000000000000796,300,0.05,0,50,0.1,0.05,0.19921363040629095,301,0.0033222591362126247,13.08695652173913,0.0
764,-124.99999999999956,300,0.05,0,50,0.1,0.05,0.19895287958115182,301,0.03322259136212625,4.5606060606060606,0.0
765,164.99999999999733,300,0.05,0,50,0.1,0.05,0.19869281045751633,301,0.006644518272425249,5.280701754385965,776.8837280273438
766,35.000000000000696,300,0.05,0,50,0.1,0.05,0.19843342036553524,301,0.0,23.153846153846153,0.0
767,756.3999999999974,272,0.05,1,50,0.1,0.05,0.19947848761408082,273,0.003663003663003663,4.706896551724138,0.0
768,-56.44999999999998,30,0.05,0,50,0.1,0.05,0.19921875,30,0.0,1.7647058823529411,0.0
769,582.3000000000004,154,0.05,1,50,0.1,0.05,0.20026007802340703,155,0.012903225806451613,5.961538461538462,0.0
770,-95.05,2,0.05,0,50,0.1,0.05,0.2,2,0.0,0.046511627906976744,76.25321197509766
771,0.25000000000081,296,0.05,0,50,0.1,0.05,0.19974059662775617,296,0.006756756756756757,6.434782608695652,0.0
772,496.65,167,0.05,1,50,0.1,0.05,0.20077720207253885,168,0.011904761904761904,18.666666666666668,0.0
773,204.99999999999912,300,0.05,0,50,0.1,0.05,0.20051746442432083,301,0.009966777408637873,5.016666666666667,0.0
774,5.000000000000573,300,0.05,0,50,0.1,0.05,0.20025839793281655,301,0.019933554817275746,9.121212121212121,0.0
775,115.00000000000081,300,0.05,0,50,0.1,0.05,0.2,301,0.006644518272425249,8.135135135135135,67.60384368896484
776,554.25,15,0.05,1,50,0.1,0.05,0.20103092783505155,16,0.0,1.4545454545454546,0.0
777,553.35,33,0.05,1,50,0.1,0.05,0.20205920205920205,34,0.0,3.090909090909091,0.0
778,114.99999999999935,300,0.05,0,50,0.1,0.05,0.20179948586118251,301,0.0033222591362126247,5.472727272727273,0.0
779,708.8999999999978,222,0.05,1,50,0.1,0.05,0.20282413350449294,223,0.0,5.068181818181818,0.0
780,45.00000000000059,300,0.05,0,50,0.1,0.05,0.20256410256410257,301,0.006644518272425249,13.08695652173913,41.473350524902344
781,55.000000000000696,300,0.05,0,50,0.1,0.05,0.2023047375160051,301,0.009966777408637873,10.033333333333333,0.0
782,75.00000000000007,300,0.05,0,50,0.1,0.05,0.2020460358056266,301,0.0033222591362126247,9.40625,0.0
783,-62.1,43,0.05,0,50,0.1,0.05,0.20178799489144317,43,0.0,1.4333333333333333,0.0
784,-4.999999999999951,300,0.05,0,50,0.1,0.05,0.20153061224489796,301,0.0,43.0,0.0
785,25.00000000000068,300,0.05,0,50,0.1,0.05,0.20127388535031848,301,0.006644518272425249,16.72222222222222,777.979736328125
786,-100,1,0.05,0,50,0.1,0.05,0.2010178117048346,1,0.0,0.014285714285714285,0.0
787,154.9999999999976,300,0.05,0,50,0.1,0.05,0.20076238881829733,301,0.0033222591362126247,5.016666666666667,0.0
788,94.99999999999993,300,0.05,0,50,0.1,0.05,0.20050761421319796,301,0.0,7.166666666666667,0.0
789,605.5000000000002,90,0.05,1,50,0.1,0.05,0.20152091254752852,91,0.01098901098901099,3.5,0.0
790,85.00000000000041,300,0.05,0,50,0.1,0.05,0.20126582278481012,301,0.0033222591362126247,10.033333333333333,56.39617919921875
791,70.94999999999945,82,0.05,0,50,0.1,0.05,0.20101137800252844,82,0.0,1.3666666666666667,0.0
792,657.5999999999992,248,0.05,1,50,0.1,0.05,0.20202020202020202,249,0.008032128514056224,5.928571428571429,0.0
793,35.00000000000058,300,0.05,0,50,0.1,0.05,0.201765447667087,301,0.0,21.5,0.0
794,184.99999999999724,300,0.05,0,50,0.1,0.05,0.20151133501259447,301,0.0,7.0,0.0
795,504.7,106,0.05,1,50,0.1,0.05,0.20251572327044026,107,0.009345794392523364,17.833333333333332,767.8993530273438
796,154.99999999999892,300,0.05,0,50,0.1,0.05,0.2022613065326633,301,0.006644518272425249,6.02,0.0
797,675.099999999998,298,0.05,1,50,0.1,0.05,0.20326223337515684,299,0.016722408026755852,5.155172413793103,0.0
798,-44.99999999999984,300,0.05,0,50,0.1,0.05,0.20300751879699247,301,0.006644518272425249,50.166666666666664,0.0
799,66.3999999999973,273,0.05,0,50,0.1,0.05,0.20275344180225283,273,0.014652014652014652,4.2,0.0
800,498.1,238,0.05,1,50,0.1,0.05,0.20375,239,0.02092050209205021,10.863636363636363,114.71703338623047
801,65.00000000000006,300,0.05,0,50,0.1,0.05,0.2034956304619226,301,0.006644518272425249,7.166666666666667,0.0
802,254.999999999997,300,0.05,0,50,0.1,0.05,0.20324189526184538,301,0.006644518272425249,4.630769230769231,0.0
803,582.3500000000005,253,0.05,1,50,0.1,0.05,0.20423412204234123,254,0.007874015748031496,9.407407407407407,0.0
804,-134.99999999999957,300,0.05,0,50,0.1,0.05,0.20398009950248755,301,0.029900332225913623,9.121212121212121,0.0
805,640.8500000000003,283,0.05,1,50,0.1,0.05,0.20496894409937888,284,0.0,9.161290322580646,29.587007522583008
806,495.9499999999999,181,0.05,1,50,0.1,0.05,0.20595533498759305,182,0.0,182.0,0.0
807,587.6500000000003,147,0.05,1,50,0.1,0.05,0.20693928128872366,148,0.013513513513513514,5.481481481481482,0.0
808,55.00000000000074,300,0.05,0,50,0.1,0.05,0.20668316831683167,301,0.013289036544850499,9.121212121212121,0.0
809,15.000000000000696,300,0.05,0,50,0.1,0.05,0.20642768850432633,301,0.026578073089700997,4.3,0.0
810,-114.99999999999955,300,0.05,0,50,0.1,0.05,0.20617283950617285,301,0.029900332225913623,13.08695652173913,726.765380859375
811,174.9999999999971,300,0.05,0,50,0.1,0.05,0.2059186189889026,301,0.009966777408637873,4.854838709677419,0.0
812,577.3000000000005,254,0.05,1,50,0.1,0.05,0.20689655172413793,255,0.0196078431372549,6.7105263157894735,0.0
813,578.3000000000001,34,0.05,1,50,0.1,0.05,0.2078720787207872,35,0.0,2.1875,0.0
814,-14.999999999999282,300,0.05,0,50,0.1,0.05,0.2076167076167076,301,0.009966777408637873,9.121212121212121,0.0
815,-84.99999999999959,300,0.05,0,50,0.1,0.05,0.20736196319018405,301,0.036544850498338874,8.852941176470589,30.876127243041992
816,641.8500000000006,263,0.05,1,50,0.1,0.05,0.20833333333333334,264,0.011363636363636364,6.1395348837209305,0.0
817,-200,300,0.05,0,50,0.1,0.05,0.20807833537331702,301,0.06312292358803986,11.576923076923077,0.0
818,608.7,26,0.05,1,50,0.1,0.05,0.20904645476772615,27,0.0,1.2272727272727273,0.0
819,5.000000000000347,300,0.05,0,50,0.1,0.05,0.2087912087912088,301,0.006644518272425249,18.8125,0.0
820,-90.5,11,0.05,0,50,0.1,0.05,0.20853658536585365,11,0.0,0.3793103448275862,1453.7655029296875
821,55.000000000000796,300,0.05,0,50,0.1,0.05,0.20828258221680876,301,0.009966777408637873,10.033333333333333,0.0
822,707.7499999999989,145,0.05,1,50,0.1,0.05,0.20924574209245742,146,0.0,3.395348837209302,0.0
823,-74.9999999999992,300,0.05,0,50,0.1,0.05,0.20899149453219928,301,0.029900332225913623,10.033333333333333,0.0
824,-15.000000000001485,300,0.05,0,50,0.1,0.05,0.2087378640776699,301,0.03322259136212625,6.543478260869565,0.0
825,45.000000000000824,300,0.05,0,50,0.1,0.05,0.2084848484848485,301,0.0033222591362126247,5.101694915254237,39.92438507080078
826,633.6500000000001,27,0.05,1,50,0.1,0.05,0.20944309927360774,28,0.0,1.037037037037037,0.0
827,65.00000000000082,300,0.05,0,50,0.1,0.05,0.20918984280532044,301,0.006644518272425249,12.04,0.0
828,-200,300,0.05,0,50,0.1,0.05,0.20893719806763286,301,0.18272425249169436,50.166666666666664,0.0
829,-4.999999999999976,300,0.05,0,50,0.1,0.05,0.20868516284680338,301,0.0,6.142857142857143,0.0
830,4.999999999999855,300,0.05,0,50,0.1,0.05,0.20843373493975903,301,0.0,15.842105263157896,132.97198486328125
831,641.5500000000002,69,0.05,1,50,0.1,0.05,0.20938628158844766,70,0.014285714285714285,2.121212121212121,0.0
832,563.85,23,0.05,1,50,0.1,0.05,0.21033653846153846,24,0.0,1.8461538461538463,0.0
833,-84.99999999999972,300,0.05,0,50,0.1,0.05,0.21008403361344538,301,0.009966777408637873,43.0,0.0
834,104.49999999999912,111,0.05,0,50,0.1,0.05,0.20983213429256595,111,0.0,1.6818181818181819,0.0
835,254.99999999999935,300,0.05,0,50,0.1,0.05,0.20958083832335328,301,0.006644518272425249,4.630769230769231,52.321189880371094
836,607.8,44,0.05,1,50,0.1,0.05,0.21052631578947367,45,0.0,2.0454545454545454,0.0
837,-101.2,25,0.05,0,50,0.1,0.05,0.21027479091995221,25,0.0,0.5102040816326531,0.0
838,629.7500000000001,105,0.05,1,50,0.1,0.05,0.21121718377088305,106,0.0,3.925925925925926,0.0
839,-15.000000000000096,300,0.05,0,50,0.1,0.05,0.21096543504171633,301,0.0,43.0,0.0
840,-35.000000000001094,300,0.05,0,50,0.1,0.05,0.21071428571428572,301,0.036544850498338874,7.0,107.9267578125
841,718.899999999998,222,0.05,1,50,0.1,0.05,0.2116527942925089,223,0.0,4.8478260869565215,0.0
842,-40.39999999999968,209,0.05,0,50,0.1,0.05,0.21140142517814728,209,0.0,4.098039215686274,0.0
843,687.649999999999,147,0.05,1,50,0.1,0.05,0.21233689205219455,148,0.0,3.7948717948717947,0.0
844,-200,300,0.05,0,50,0.1,0.05,0.21208530805687204,301,0.09302325581395349,7.166666666666667,0.0
845,526.0,80,0.05,1,50,0.1,0.05,0.21301775147928995,81,0.0,13.5,1326.55126953125
846,781.8499999999997,63,0.05,1,50,0.1,0.05,0.21394799054373523,64,0.0,1.1228070175438596,0.0
847,546.9,62,0.05,1,50,0.1,0.05,0.21487603305785125,63,0.0,6.3,0.0
848,553.65,27,0.05,1,50,0.1,0.05,0.21580188679245282,28,0.0,2.5454545454545454,0.0
849,-5.000000000000058,300,0.05,0,50,0.1,0.05,0.21554770318021202,301,0.019933554817275746,9.121212121212121,0.0
850,782.0499999999997,59,0.05,1,50,0.1,0.05,0.2164705882352941,60,0.0,1.0526315789473684,76.2032699584961
851,-77.54999999999998,52,0.05,0,50,0.1,0.05,0.21621621621621623,52,0.0,3.7142857142857144,0.0
852,524.7499999999999,205,0.05,1,50,0.1,0.05,0.21713615023474178,206,0.0,29.428571428571427,0.0
853,24.99999999999981,300,0.05,0,50,0.1,0.05,0.21688159437280188,301,0.0033222591362126247,6.543478260869565,0.0
854,611.4500000000002,71,0.05,1,50,0.1,0.05,0.21779859484777517,72,0.013888888888888888,2.6666666666666665,0.0
855,124.99999999999797,300,0.05,0,50,0.1,0.05,0.21754385964912282,301,0.006644518272425249,6.404255319148936,559.760009765625
856,615.9000000000002,282,0.05,1,50,0.1,0.05,0.21845794392523366,283,0.0035335689045936395,9.433333333333334,0.0
857,658.699999999998,226,0.05,1,50,0.1,0.05,0.2193698949824971,227,0.0,6.676470588235294,0.0
858,-64.99999999999959,300,0.05,0,50,0.1,0.05,0.2191142191142191,301,0.006644518272425249,7.921052631578948,0.0
859,174.99999999999696,300,0.05,0,50,0.1,0.05,0.21885913853317812,301,0.0,4.3,0.0
860,680.449999999998,291,0.05,1,50,0.1,0.05,0.21976744186046512,292,0.003424657534246575,6.790697674418604,86.84046936035156
861,-50.39999999999992,209,0.05,0,50,0.1,0.05,0.21951219512195122,209,0.03349282296650718,3.1666666666666665,0.0
862,124.99999999999882,300,0.05,0,50,0.1,0.05,0.21925754060324826,301,0.013289036544850499,6.270833333333333,0.0
863,698.5999999999983,228,0.05,1,50,0.1,0.05,0.220162224797219,229,0.004366812227074236,4.978260869565218,0.0
864,692.7499999999999,45,0.05,1,50,0.1,0.05,0.22106481481481483,46,0.0,1.1794871794871795,0.0
865,224.99999999999704,300,0.05,0,50,0.1,0.05,0.2208092485549133,301,0.009966777408637873,4.630769230769231,75.9028091430664
866,55.00000000000078,300,0.05,0,50,0.1,0.05,0.22055427251732102,301,0.0,7.921052631578948,0.0
867,14.999999999999797,300,0.05,0,50,0.1,0.05,0.22029988465974626,301,0.0,10.033333333333333,0.0
868,-44.99999999999916,300,0.05,0,50,0.1,0.05,0.22004608294930875,301,0.016611295681063124,6.142857142857143,0.0
869,539.4999999999999,210,0.05,1,50,0.1,0.05,0.22094361334867663,211,0.004739336492890996,15.071428571428571,0.0
870,-169.79999999999973,197,0.05,0,50,0.1,0.05,0.2206896551724138,197,0.02030456852791878,5.184210526315789,83.55083465576172
871,45.00000000000008,300,0.05,0,50,0.1,0.05,0.22043628013777267,301,0.0033222591362126247,11.148148148148149,0.0
872,-96.65000000000002,34,0.05,0,50,0.1,0.05,0.22018348623853212,34,0.0,0.7906976744186046,0.0
873,569.75,105,0.05,1,50,0.1,0.05,0.22107674684994272,106,0.009433962264150943,5.578947368421052,0.0
874,31.749999999997698,266,0.05,0,50,0.1,0.05,0.2208237986270023,266,0.0,6.487804878048781,0.0
875,753.1499999999999,237,0.05,1,50,0.1,0.05,0.22171428571428572,238,0.004201680672268907,4.175438596491228,76.31695556640625
876,600.9000000000004,182,0.05,1,50,0.1,0.05,0.2226027397260274,183,0.0,8.318181818181818,0.0
877,174.99999999999696,300,0.05,0,50,0.1,0.05,0.22234891676168758,301,0.0,7.525,0.0
878,-200,247,0.05,1,50,0.1,0.05,0.22323462414578588,248,0.18951612903225806,9.92,0.0
879,167.09999999999974,59,0.05,0,50,0.1,0.05,0.2229806598407281,59,0.0,1.0350877192982457,0.0
880,-44.449999999999505,190,0.05,0,50,0.1,0.05,0.22272727272727272,190,0.005263157894736842,7.3076923076923075,278.3076171875
881,75.00000000000082,300,0.05,0,50,0.1,0.05,0.2224744608399546,301,0.006644518272425249,10.379310344827585,0.0
882,594.3500000000005,213,0.05,1,50,0.1,0.05,0.2233560090702948,214,0.018691588785046728,6.484848484848484,0.0
883,634.6500000000002,207,0.05,1,50,0.1,0.05,0.22423556058890148,208,0.0,7.172413793103448,0.0
884,528.8,24,0.05,1,50,0.1,0.05,0.2251131221719457,25,0.0,4.166666666666667,0.0
885,620.4000000000005,192,0.05,1,50,0.1,0.05,0.22598870056497175,193,0.0,7.423076923076923,291.83251953125
886,-92.50000000000001,51,0.05,0,50,0.1,0.05,0.22573363431151242,51,0.0392156862745098,1.0625,0.0
887,15.00000000000059,300,0.05,0,50,0.1,0.05,0.2254791431792559,301,0.0,4.3,0.0
888,620.1500000000002,97,0.05,1,50,0.1,0.05,0.22635135135135134,98,0.02040816326530612,2.9696969696969697,0.0
889,-24.999999999999584,300,0.05,0,50,0.1,0.05,0.22609673790776152,301,0.009966777408637873,7.717948717948718,0.0
890,493.75,25,0.05,1,50,0.1,0.05,0.22696629213483147,26,0.15384615384615385,1.7333333333333334,568.6815795898438
891,254.999999999997,300,0.05,0,50,0.1,0.05,0.22671156004489337,301,0.0,5.280701754385965,0.0
892,-79.90000000000013,199,0.05,0,50,0.1,0.05,0.226457399103139,199,0.0,4.853658536585366,0.0
893,714.6999999999991,106,0.05,1,50,0.1,0.05,0.22732362821948487,107,0.0,2.4318181818181817,0.0
894,164.99999999999716,300,0.05,0,50,0.1,0.05,0.22706935123042504,301,0.006644518272425249,6.142857142857143,0.0
895,24.99999999999996,300,0.05,0,50,0.1,0.05,0.22681564245810057,301,0.006644518272425249,13.08695652173913,116.45909118652344
896,712.3999999999986,152,0.05,1,50,0.1,0.05,0.22767857142857142,153,0.013071895424836602,2.9423076923076925,0.0
897,640.2999999999998,194,0.05,1,50,0.1,0.05,0.22853957636566333,195,0.0,6.5,0.0
898,-4.99999999999999,300,0.05,0,50,0.1,0.05,0.22828507795100222,301,0.0,43.0,0.0
899,325.35000000000014,193,0.05,1,50,0.1,0.05,0.22914349276974416,194,0.07216494845360824,8.434782608695652,0.0
900,576.9000000000001,62,0.05,1,50,0.1,0.05,0.23,63,0.0,3.9375,277.6017150878906
901,-103.10000000000004,63,0.05,0,50,0.1,0.05,0.2297447280799112,63,0.015873015873015872,2.1,0.0
902,520.9,182,0.05,1,50,0.1,0.05,0.23059866962305986,183,0.00546448087431694,18.3,0.0
903,621.8500000000001,63,0.05,1,50,0.1,0.05,0.23145071982281284,64,0.0,2.56,0.0
904,683.8499999999979,223,0.05,1,50,0.1,0.05,0.2323008849557522,224,0.0,5.743589743589744,0.0
905,739.9499999999994,101,0.05,1,50,0.1,0.05,0.23314917127071824,102,0.0196078431372549,1.7894736842105263,273.83856201171875
906,164.9999999999985,300,0.05,0,50,0.1,0.05,0.23289183222958057,301,0.0,7.717948717948718,0.0
907,-15.000000000000114,300,0.05,0,50,0.1,0.05,0.2326350606394708,301,0.0033222591362126247,8.852941176470589,0.0
908,5.000000000000013,300,0.05,0,50,0.1,0.05,0.23237885462555066,301,0.0033222591362126247,12.541666666666666,0.0
909,519.7,6,0.05,1,50,0.1,0.05,0.23322332233223322,7,0.0,1.75,0.0
910,798.5499999999989,129,0.05,1,50,0.1,0.05,0.23406593406593407,130,0.007692307692307693,2.0,470.13427734375
911,-200,300,0.05,0,50,0.1,0.05,0.23380900109769484,301,0.07308970099667775,6.543478260869565,0.0
912,-25.000000000000203,300,0.05,0,50,0.1,0.05,0.23355263157894737,301,0.0033222591362126247,33.44444444444444,0.0
913,577.1000000000001,258,0.05,1,50,0.1,0.05,0.2343921139101862,259,0.003861003861003861,11.772727272727273,0.0
914,746.4499999999996,171,0.05,1,50,0.1,0.05,0.23522975929978118,172,0.0,3.372549019607843,0.0
915,679.8,204,0.05,1,50,0.1,0.05,0.2360655737704918,205,0.00975609756097561,4.456521739130435,106.54996490478516
916,549.9500000000002,101,0.05,1,50,0.1,0.05,0.2368995633187773,102,0.0,9.272727272727273,0.0
917,610.8500000000001,83,0.05,1,50,0.1,0.05,0.23773173391494,84,0.011904761904761904,3.111111111111111,0.0
918,65.00000000000075,300,0.05,0,50,0.1,0.05,0.2374727668845316,301,0.006644518272425249,10.379310344827585,0.0
919,224.99999999999827,300,0.05,0,50,0.1,0.05,0.23721436343852012,301,0.0,6.142857142857143,0.0
920,571.9000000000004,162,0.05,1,50,0.1,0.05,0.23804347826086958,163,0.0,10.1875,630.7747802734375
921,144.99999999999886,300,0.05,0,50,0.1,0.05,0.23778501628664495,301,0.0033222591362126247,7.717948717948718,0.0
922,85.00000000000082,300,0.05,0,50,0.1,0.05,0.23752711496746204,301,0.0033222591362126247,9.121212121212121,0.0
923,607.2000000000007,256,0.05,1,50,0.1,0.05,0.23835319609967498,257,0.007782101167315175,8.03125,0.0
924,-97.99999999999983,161,0.05,0,50,0.1,0.05,0.23809523809523808,161,0.006211180124223602,2.515625,0.0
925,726.0999999999998,78,0.05,1,50,0.1,0.05,0.23891891891891892,79,0.0,1.7173913043478262,118.19464874267578
926,643.55,29,0.05,1,50,0.1,0.05,0.23974082073434125,30,0.0,1.0344827586206897,0.0
927,558.7,26,0.05,1,50,0.1,0.05,0.2405609492988134,27,0.0,2.25,0.0
928,601.05,79,0.05,1,50,0.1,0.05,0.2413793103448276,80,0.025,2.7586206896551726,0.0
929,583.95,21,0.05,1,50,0.1,0.05,0.24219590958019377,22,0.0,1.2941176470588236,0.0
930,720.6999999999988,186,0.05,1,50,0.1,0.05,0.24301075268817204,187,0.0,4.065217391304348,462.3681945800781
931,25.00000000000019,300,0.05,0,50,0.1,0.05,0.24274973147153597,301,0.0,17.705882352941178,0.0
932,518.3,34,0.05,1,50,0.1,0.05,0.24356223175965666,35,0.02857142857142857,4.375,0.0
933,438.8500000000003,123,0.05,1,50,0.1,0.05,0.24437299035369775,124,0.024193548387096774,124.0,0.0
934,696.2999999999986,274,0.05,1,50,0.1,0.05,0.24518201284796573,275,0.0036363636363636364,5.978260869565218,0.0
935,685.8999999999996,82,0.05,1,50,0.1,0.05,0.24598930481283424,83,0.024096385542168676,1.8043478260869565,220.71231079101562
936,45.00000000000062,300,0.05,0,50,0.1,0.05,0.24572649572649571,301,0.019933554817275746,7.921052631578948,0.0
937,610.25,95,0.05,1,50,0.1,0.05,0.24653148345784417,96,0.020833333333333332,3.096774193548387,0.0
938,645.7,86,0.05,1,50,0.1,0.05,0.24733475479744135,87,0.011494252873563218,2.5588235294117645,0.0
939,35.00000000000068,300,0.05,0,50,0.1,0.05,0.2470713525026624,301,0.016611295681063124,8.852941176470589,0.0
940,15.000000000000707,300,0.05,0,50,0.1,0.05,0.24680851063829787,301,0.013289036544850499,4.703125,335.1374816894531
941,697.2999999999997,54,0.05,1,50,0.1,0.05,0.24760892667375134,55,0.01818181818181818,1.25,0.0
942,581.2000000000005,176,0.05,1,50,0.1,0.05,0.2484076433121019,177,0.011299435028248588,6.8076923076923075,0.0
943,691.6499999999997,67,0.05,1,50,0.1,0.05,0.2492046659597031,68,0.0,1.7435897435897436,0.0
944,35.00000000000059,300,0.05,0,50,0.1,0.05,0.2489406779661017,301,0.016611295681063124,8.852941176470589,0.0
945,-189.04999999999987,82,0.05,0,50,0.1,0.05,0.24867724867724866,82,0.04878048780487805,3.28,257.5549011230469
946,623.25,35,0.05,1,50,0.1,0.05,0.24947145877378435,36,0.0,1.44,0.0
947,613.45,31,0.05,1,50,0.1,0.05,0.2502639915522703,32,0.0,1.391304347826087,0.0
948,692.6999999999992,146,0.05,1,50,0.1,0.05,0.2510548523206751,147,0.0,3.675,0.0
949,-68.39999999999995,169,0.05,0,50,0.1,0.05,0.2507903055848261,169,0.011834319526627219,7.3478260869565215,0.0
950,523.1,138,0.05,1,50,0.1,0.05,0.25157894736842107,139,0.05755395683453238,4.088235294117647,299.5180969238281
951,691.4999999999985,170,0.05,1,50,0.1,0.05,0.25236593059936907,171,0.005847953216374269,3.8863636363636362,0.0
952,544.15,17,0.05,1,50,0.1,0.05,0.25315126050420167,18,0.0,2.0,0.0
953,686.5499999999994,169,0.05,1,50,0.1,0.05,0.2539349422875131,170,0.0058823529411764705,3.953488372093023,0.0
954,204.99999999999852,300,0.05,0,50,0.1,0.05,0.25366876310272535,301,0.0033222591362126247,4.934426229508197,0.0
955,154.99999999999696,300,0.05,0,50,0.1,0.05,0.2534031413612565,301,0.0033222591362126247,7.341463414634147,87.21566772460938
956,603.1500000000001,37,0.05,1,50,0.1,0.05,0.25418410041841005,38,0.07894736842105263,1.1515151515151516,0.0
957,702.799999999999,144,0.05,1,50,0.1,0.05,0.2549634273772205,145,0.006896551724137931,3.152173913043478,0.0
958,-24.99999999999994,300,0.05,0,50,0.1,0.05,0.2546972860125261,301,0.006644518272425249,18.8125,0.0
959,580.8,184,0.05,1,50,0.1,0.05,0.25547445255474455,185,0.010810810810810811,7.115384615384615,0.0
960,254.99999999999693,300,0.05,0,50,0.1,0.05,0.2552083333333333,301,0.0033222591362126247,5.016666666666667,533.3068237304688
961,637.9499999999997,141,0.05,1,50,0.1,0.05,0.2559833506763788,142,0.0,4.896551724137931,0.0
962,613.45,31,0.05,1,50,0.1,0.05,0.25675675675675674,32,0.03125,1.1851851851851851,0.0
963,10.45000000000023,92,0.05,0,50,0.1,0.05,0.2564901349948079,92,0.010869565217391304,3.1724137931034484,0.0
964,609.3500000000003,113,0.05,1,50,0.1,0.05,0.2572614107883817,114,0.008771929824561403,4.222222222222222,0.0
965,-171.49999999999994,31,0.05,0,50,0.1,0.05,0.25699481865284973,31,0.12903225806451613,0.6739130434782609,272.1526794433594
966,498.6,228,0.05,1,50,0.1,0.05,0.2577639751552795,229,0.0,114.5,0.0
967,533.9999999999999,120,0.05,1,50,0.1,0.05,0.25853154084798347,121,0.0,15.125,0.0
968,-76.34999999999995,28,0.05,0,50,0.1,0.05,0.25826446280991733,28,0.07142857142857142,1.1666666666666667,0.0
969,705.7999999999995,84,0.05,1,50,0.1,0.05,0.2590299277605779,85,0.0,2.0238095238095237,0.0
970,13.05000000000021,240,0.05,0,50,0.1,0.05,0.25876288659793817,240,0.008333333333333333,5.853658536585366,355.61083984375
971,654.8999999999993,102,0.05,1,50,0.1,0.05,0.25952626158599384,103,0.0,3.21875,0.0
972,576.3000000000001,74,0.05,1,50,0.1,0.05,0.2602880658436214,75,0.0,4.6875,0.0
973,-200,169,0.05,0,50,0.1,0.05,0.26002055498458376,169,0.07692307692307693,2.640625,0.0
974,635.8000000000001,284,0.05,1,50,0.1,0.05,0.26078028747433263,285,0.0035087719298245615,8.382352941176471,0.0
975,633.1500000000001,37,0.05,1,50,0.1,0.05,0.26153846153846155,38,0.0,1.4074074074074074,84.243896484375
976,638.0,40,0.05,1,50,0.1,0.05,0.26229508196721313,41,0.024390243902439025,1.28125,0.0
977,-4.9999999999994165,300,0.05,0,50,0.1,0.05,0.26202661207778916,301,0.009966777408637873,4.703125,0.0
978,777.2499999999998,155,0.05,1,50,0.1,0.05,0.26278118609406953,156,0.0,2.736842105263158,0.0
979,684.0999999999997,118,0.05,1,50,0.1,0.05,0.2635342185903984,119,0.008403361344537815,2.8333333333333335,0.0
980,584.4000000000003,112,0.05,1,50,0.1,0.05,0.2642857142857143,113,0.017699115044247787,4.346153846153846,281.25152587890625
981,-54.999999999999716,300,0.05,0,50,0.1,0.05,0.2640163098878695,301,0.0033222591362126247,7.341463414634147,0.0
982,820.9499999999996,81,0.05,1,50,0.1,0.05,0.26476578411405294,82,0.0,1.2615384615384615,0.0
983,625.0000000000001,100,0.05,1,50,0.1,0.05,0.26551373346897256,101,0.009900990099009901,3.3666666666666667,0.0
984,643.25,35,0.05,1,50,0.1,0.05,0.266260162601626,36,0.0,1.2413793103448276,0.0
985,662.1999999999987,156,0.05,1,50,0.1,0.05,0.267005076142132,157,0.0,4.617647058823529,79.8208236694336
986,-100,1,0.05,0,50,0.1,0.05,0.2667342799188641,1,0.0,0.045454545454545456,0.0
987,-200,263,0.05,0,50,0.1,0.05,0.26646403242147926,263,0.015209125475285171,5.26,0.0
988,793.0499999999977,239,0.05,1,50,0.1,0.05,0.26720647773279355,240,0.0,3.9344262295081966,0.0
989,742.7499999999984,245,0.05,1,50,0.1,0.05,0.2679474216380182,246,0.0040650406504065045,4.472727272727273,0.0
990,777.0999999999997,58,0.05,1,50,0.1,0.05,0.2686868686868687,59,0.0,1.0535714285714286,228.52569580078125
991,745.1499999999983,197,0.05,1,50,0.1,0.05,0.2694248234106963,198,0.0,3.8823529411764706,0.0
992,57.79999999999987,45,0.05,0,50,0.1,0.05,0.2691532258064516,45,0.0,0.7377049180327869,0.0
993,581.2000000000003,176,0.05,1,50,0.1,0.05,0.26988922457200404,177,0.01694915254237288,5.9,0.0
994,631.8500000000001,63,0.05,1,50,0.1,0.05,0.27062374245472837,64,0.0,2.3703703703703702,0.0
995,692.55,49,0.05,1,50,0.1,0.05,0.271356783919598,50,0.0,1.2820512820512822,109.89214324951172
996,627.8000000000001,44,0.05,1,50,0.1,0.05,0.2720883534136546,45,0.0,1.7307692307692308,0.0
997,264.99999999999864,300,0.05,0,50,0.1,0.05,0.27181544633901705,301,0.0033222591362126247,4.703125,0.0
998,-38.349999999999795,268,0.05,0,50,0.1,0.05,0.2715430861723447,268,0.007462686567164179,5.826086956521739,0.0
999,536.0,80,0.05,1,50,0.1,0.05,0.2722722722722723,81,0.0,10.125,0.0
1000,728.549999999999,129,0.05,1,50,0.1,0.05,0.273,130,0.007692307692307693,2.765957446808511,77.9335708618164
1001,304.9999999999991,300,0.05,0,50,0.1,0.05,0.2727272727272727,301,0.0033222591362126247,4.3,0.0
1002,527.5999999999999,48,0.05,1,50,0.1,0.05,0.27345309381237526,49,0.0,8.166666666666666,0.0
1003,575.9000000000001,82,0.05,1,50,0.1,0.05,0.2741774675972084,83,0.0,5.1875,0.0
1004,750.2499999999993,95,0.05,1,50,0.1,0.05,0.2749003984063745,96,0.010416666666666666,1.7454545454545454,0.0
1005,-200,283,0.05,0,50,0.1,0.05,0.2746268656716418,283,0.038869257950530034,7.075,56.19279098510742
1006,646.0499999999984,179,0.05,1,50,0.1,0.05,0.2753479125248509,180,0.0,5.806451612903226,0.0
1007,41.29999999999839,175,0.05,0,50,0.1,0.05,0.27507447864945384,175,0.0,3.723404255319149,0.0
1008,-200,300,0.05,0,50,0.1,0.05,0.2748015873015873,301,0.11295681063122924,7.341463414634147,0.0
1009,-5.000000000000095,300,0.05,0,50,0.1,0.05,0.2745292368681863,301,0.0033222591362126247,30.1,0.0
1010,529.7,6,0.05,1,50,0.1,0.05,0.27524752475247527,7,0.0,1.1666666666666667,75.14749908447266
1011,415.2000000000002,296,0.05,1,50,0.1,0.05,0.27596439169139464,297,0.016835016835016835,49.5,0.0
1012,532.9499999999998,241,0.05,1,50,0.1,0.05,0.2766798418972332,242,0.004132231404958678,18.615384615384617,0.0
1013,24.99999999999985,300,0.05,0,50,0.1,0.05,0.2764067127344521,301,0.0033222591362126247,13.08695652173913,0.0
1014,611.5500000000002,69,0.05,1,50,0.1,0.05,0.27712031558185407,70,0.014285714285714285,2.5925925925925926,0.0
1015,524.5999999999999,108,0.05,1,50,0.1,0.05,0.27783251231527095,109,0.0,18.166666666666668,302.0009765625
1016,85.00000000000075,300,0.05,0,50,0.1,0.05,0.27755905511811024,301,0.0,10.033333333333333,0.0
1017,581.2000000000002,176,0.05,1,50,0.1,0.05,0.2782694198623402,177,0.01694915254237288,5.9,0.0
1018,-38.54999999999936,272,0.05,0,50,0.1,0.05,0.2779960707269155,272,0.0,5.44,0.0
1019,-100,1,0.05,0,50,0.1,0.05,0.2777232580961727,1,0.0,0.038461538461538464,0.0
1020,-106.04999999999998,222,0.05,0,50,0.1,0.05,0.2774509803921569,222,0.0045045045045045045,4.269230769230769,39.87868118286133
1021,676.4999999999998,70,0.05,1,50,0.1,0.05,0.2781586679725759,71,0.028169014084507043,1.6136363636363635,0.0
1022,45.000000000000405,300,0.05,0,50,0.1,0.05,0.27788649706457924,301,0.0033222591362126247,5.679245283018868,0.0
1023,14.999999999999954,300,0.05,0,50,0.1,0.05,0.2776148582600195,301,0.0033222591362126247,21.5,0.0
1024,-103.79999999999998,77,0.05,0,50,0.1,0.05,0.27734375,77,0.0,9.625,0.0
1025,537.8,44,0.05,1,50,0.1,0.05,0.2780487804878049,45,0.0,5.625,342.4744567871094
1026,75.00000000000081,300,0.05,0,50,0.1,0.05,0.2777777777777778,301,0.006644518272425249,10.379310344827585,0.0
1027,244.99999999999753,300,0.05,0,50,0.1,0.05,0.2775073028237585,301,0.0,5.679245283018868,0.0
1028,-13.799999999999244,277,0.05,0,50,0.1,0.05,0.2772373540856031,277,0.0036101083032490976,9.233333333333333,0.0
1029,-47.64999999999988,54,0.05,0,50,0.1,0.05,0.27696793002915454,54,0.0,1.173913043478261,0.0
1030,761.0499999999995,79,0.05,1,50,0.1,0.05,0.27766990291262134,80,0.0,1.509433962264151,166.15167236328125
1031,566.7000000000002,66,0.05,1,50,0.1,0.05,0.27837051406401553,67,0.0,4.785714285714286,0.0
1032,656.4499999999985,171,0.05,1,50,0.1,0.05,0.27906976744186046,172,0.0,5.212121212121212,0.0
1033,689.8499999999995,103,0.05,1,50,0.1,0.05,0.2797676669893514,104,0.0,2.6666666666666665,0.0
1034,542.4999999999999,150,0.05,1,50,0.1,0.05,0.2804642166344294,151,0.0,15.1,0.0
1035,652.6000000000004,148,0.05,1,50,0.1,0.05,0.2811594202898551,149,0.0,4.65625,420.2975158691406
1036,585.7000000000002,86,0.05,1,50,0.1,0.05,0.28185328185328185,87,0.011494252873563218,3.9545454545454546,0.0
1037,636.2000000000007,276,0.05,1,50,0.1,0.05,0.28254580520732886,277,0.007220216606498195,7.2894736842105265,0.0
1038,626.8500000000004,163,0.05,1,50,0.1,0.05,0.2832369942196532,164,0.0,6.074074074074074,0.0
1039,564.25,15,0.05,1,50,0.1,0.05,0.28392685274302215,16,0.0,1.2307692307692308,0.0
1040,582.3500000000001,53,0.05,1,50,0.1,0.05,0.2846153846153846,54,0.05555555555555555,1.8620689655172413,493.88275146484375
1041,625.4999999999997,90,0.05,1,50,0.1,0.05,0.28530259365994237,91,0.01098901098901099,3.033333333333333,0.0
1042,583.9,122,0.05,1,50,0.1,0.05,0.28598848368522073,123,0.008130081300813009,5.590909090909091,0.0
1043,-50.89999999999998,19,0.05,0,50,0.1,0.05,0.2857142857142857,19,0.05263157894736842,0.40425531914893614,0.0
1044,534.35,13,0.05,1,50,0.1,0.05,0.28639846743295017,14,0.0,2.0,0.0
1045,529.5,10,0.05,1,50,0.1,0.05,0.28708133971291866,11,0.09090909090909091,1.1,272.0875549316406
1046,756.8999999999996,62,0.05,1,50,0.1,0.05,0.28776290630975143,63,0.015873015873015872,1.125,0.0
1047,641.85,63,0.05,1,50,0.1,0.05,0.28844317096466093,64,0.0625,1.4222222222222223,0.0
1048,-97.44999999999999,50,0.05,0,50,0.1,0.05,0.2881679389312977,50,0.0,2.272727272727273,0.0
1049,556.1000000000004,278,0.05,1,50,0.1,0.05,0.2888465204957102,279,0.007168458781362007,12.681818181818182,0.0
1050,724.3999999999991,112,0.05,1,50,0.1,0.05,0.2895238095238095,113,0.02654867256637168,1.9482758620689655,220.8734893798828
1051,562.6500000000001,47,0.05,1,50,0.1,0.05,0.29019980970504283,48,0.0,3.6923076923076925,0.0
1052,-97.05,42,0.05,0,50,0.1,0.05,0.2899239543726236,42,0.0,1.826086956521739,0.0
1053,644.9,102,0.05,1,50,0.1,0.05,0.2905982905982906,103,0.009708737864077669,3.0294117647058822,0.0
1054,-41.04999999999982,122,0.05,0,50,0.1,0.05,0.2903225806451613,122,0.0,2.652173913043478,0.0
1055,-16.949999999999918,40,0.05,0,50,0.1,0.05,0.2900473933649289,40,0.025,0.6153846153846154,52.13652038574219
1056,660.5500000000001,89,0.05,1,50,0.1,0.05,0.29071969696969696,90,0.044444444444444446,1.836734693877551,0.0
1057,560.9500000000002,81,0.05,1,50,0.1,0.05,0.2913907284768212,82,0.012195121951219513,4.823529411764706,0.0
1058,264.99999999999727,300,0.05,0,50,0.1,0.05,0.29111531190926276,301,0.0033222591362126247,4.630769230769231,0.0
1059,-200,68,0.05,0,50,0.1,0.05,0.29084041548630785,68,0.029411764705882353,1.6585365853658536,0.0
1060,648.0,40,0.05,1,50,0.1,0.05,0.29150943396226414,41,0.024390243902439025,1.2058823529411764,54.54916763305664
1061,164.9999999999997,300,0.05,0,50,0.1,0.05,0.29123468426013194,301,0.0,7.717948717948718,0.0
1062,22.75000000000061,246,0.05,0,50,0.1,0.05,0.2909604519774011,246,0.0040650406504065045,4.1,0.0
1063,724.8999999999992,102,0.05,1,50,0.1,0.05,0.2916274694261524,103,0.0,2.239130434782609,0.0
1064,756.9499999999986,161,0.05,1,50,0.1,0.05,0.29229323308270677,162,0.018518518518518517,2.4923076923076923,0.0
1065,627.1999999999998,56,0.05,1,50,0.1,0.05,0.29295774647887324,57,0.03508771929824561,1.6764705882352942,127.18406677246094
1066,24.999999999999794,300,0.05,0,50,0.1,0.05,0.2926829268292683,301,0.0,33.44444444444444,0.0
1067,516.9,62,0.05,1,50,0.1,0.05,0.2933458294283037,63,0.015873015873015872,7.875,0.0
1068,-31.449999999999733,130,0.05,0,50,0.1,0.05,0.29307116104868913,130,0.007692307692307693,2.452830188679245,0.0
1069,-81.60000000000002,33,0.05,0,50,0.1,0.05,0.29279700654817586,33,0.0,1.2222222222222223,0.0
1070,643.25,35,0.05,1,50,0.1,0.05,0.29345794392523367,36,0.0,1.2413793103448276,125.15771484375
1071,529.7,6,0.05,1,50,0.1,0.05,0.29411764705882354,7,0.0,1.1666666666666667,0.0
1072,95.00000000000082,300,0.05,0,50,0.1,0.05,0.29384328358208955,301,0.0,8.852941176470589,0.0
1073,224.99999999999773,300,0.05,0,50,0.1,0.05,0.293569431500466,301,0.0,5.574074074074074,0.0
1074,-66.05000000000001,22,0.05,0,50,0.1,0.05,0.29329608938547486,22,0.0,0.5945945945945946,0.0
1075,-105.64999999999996,214,0.05,0,50,0.1,0.05,0.2930232558139535,214,0.0,3.3968253968253967,100.18254089355469
1076,653.7,126,0.05,1,50,0.1,0.05,0.2936802973977695,127,0.0,3.96875,0.0
1077,735.8499999999983,183,0.05,1,50,0.1,0.05,0.2943361188486537,184,0.0,3.7551020408163267,0.0
1078,735.8999999999994,82,0.05,1,50,0.1,0.05,0.2949907235621521,83,0.024096385542168676,1.4821428571428572,0.0
1079,507.15000000000003,157,0.05,1,50,0.1,0.05,0.29564411492122333,158,0.006329113924050633,52.666666666666664,0.0
1080,85.00000000000082,300,0.05,0,50,0.1,0.05,0.2953703703703704,301,0.0,8.852941176470589,203.73301696777344
1081,-200,300,0.05,0,50,0.1,0.05,0.29509713228492135,301,0.046511627906976744,17.705882352941178,0.0
1082,814.9999999999995,100,0.05,1,50,0.1,0.05,0.2957486136783734,101,0.0,1.578125,0.0
1083,-105.85,18,0.05,0,50,0.1,0.05,0.29547553093259465,18,0.1111111111111111,0.5294117647058824,0.0
1084,548.2,36,0.05,1,50,0.1,0.05,0.29612546125461253,37,0.0,3.7,0.0
1085,-149.04999999999984,82,0.05,0,50,0.1,0.05,0.295852534562212,82,0.0,2.1025641025641026,69.00614166259766
1086,25.000000000000767,300,0.05,0,50,0.1,0.05,0.2955801104972376,301,0.0033222591362126247,17.705882352941178,0.0
1087,544.55,9,0.05,1,50,0.1,0.05,0.29622815087396503,10,0.0,1.1111111111111112,0.0
1088,591.95,61,0.05,1,50,0.1,0.05,0.296875,62,0.03225806451612903,2.2962962962962963,0.0
1089,-80.50000000000007,211,0.05,0,50,0.1,0.05,0.29660238751147844,211,0.004739336492890996,3.5166666666666666,0.0
1090,536.7999999999998,264,0.05,1,50,0.1,0.05,0.29724770642201837,265,0.04905660377358491,4.274193548387097,115.32017517089844
1091,607.3000000000001,54,0.05,1,50,0.1,0.05,0.29789184234647115,55,0.07272727272727272,1.6176470588235294,0.0
1092,696.1999999999999,76,0.05,1,50,0.1,0.05,0.29853479853479853,77,0.025974025974025976,1.6041666666666667,0.0
1093,-1.5999999999999375,33,0.05,0,50,0.1,0.05,0.2982616651418115,33,0.030303030303030304,0.5076923076923077,0.0
1094,618.8500000000004,123,0.05,1,50,0.1,0.05,0.29890310786106034,124,0.008064516129032258,4.275862068965517,0.0
1095,539.05,119,0.05,1,50,0.1,0.05,0.29954337899543376,120,0.0,13.333333333333334,114.75626373291016
1096,618.4000000000005,232,0.05,1,50,0.1,0.05,0.3001824817518248,233,0.008583690987124463,6.852941176470588,0.0
1097,606.5000000000001,70,0.05,1,50,0.1,0.05,0.300820419325433,71,0.028169014084507043,2.3666666666666667,0.0
1098,594.7000000000002,106,0.05,1,50,0.1,0.05,0.30145719489981787,107,0.0,5.35,0.0
1099,519.4,12,0.05,1,50,0.1,0.05,0.3020928116469518,13,0.07692307692307693,1.625,0.0
1100,-38.44999999999996,70,0.05,0,50,0.1,0.05,0.3018181818181818,70,0.0,1.1111111111111112,121.36414337158203
1101,204.99999999999912,300,0.05,0,50,0.1,0.05,0.30154405086285196,301,0.0,6.543478260869565,0.0
1102,651.0000000000005,180,0.05,1,50,0.1,0.05,0.3021778584392015,181,0.0,5.65625,0.0
1103,666.4999999999999,70,0.05,1,50,0.1,0.05,0.3028105167724388,71,0.0,2.088235294117647,0.0
1104,-45.74999999999998,16,0.05,0,50,0.1,0.05,0.302536231884058,16,0.0,0.32,0.0
1105,568.0,40,0.05,1,50,0.1,0.05,0.3031674208144796,41,0.04878048780487805,1.8636363636363635,113.33164978027344
1106,65.00000000000074,300,0.05,0,50,0.1,0.05,0.30289330922242313,301,0.019933554817275746,7.0,0.0
1107,628.5,30,0.05,1,50,0.1,0.05,0.3035230352303523,31,0.0,1.1923076923076923,0.0
1108,667.5999999999998,48,0.05,1,50,0.1,0.05,0.30415162454873645,49,0.0,1.4411764705882353,0.0
1109,-49.04999999999922,282,0.05,0,50,0.1,0.05,0.30387736699729484,282,0.0,7.05,0.0
1110,509.3499999999999,113,0.05,1,50,0.1,0.05,0.3045045045045045,114,0.008771929824561403,16.285714285714285,99.64151000976562
1111,721.7499999999998,65,0.05,1,50,0.1,0.05,0.3051305130513051,66,0.0,1.4666666666666666,0.0
1112,539.6,8,0.05,1,50,0.1,0.05,0.3057553956834532,9,0.0,1.125,0.0
1113,798.7999999999996,224,0.05,1,50,0.1,0.05,0.3063791554357592,225,0.0,3.629032258064516,0.0
1114,434.24999999999994,215,0.05,1,50,0.1,0.05,0.30700179533213645,216,0.06944444444444445,4.408163265306122,0.0
1115,577.8500000000004,143,0.05,1,50,0.1,0.05,0.3076233183856502,144,0.020833333333333332,4.9655172413793105,23.644357681274414
1116,662.0500000000001,59,0.05,1,50,0.1,0.05,0.30824372759856633,60,0.0,1.8181818181818181,0.0
1117,652.1499999999996,57,0.05,1,50,0.1,0.05,0.3088630259623993,58,0.0,1.8709677419354838,0.0
1118,-104.39999999999999,89,0.05,0,50,0.1,0.05,0.3085867620751342,89,0.0,6.846153846153846,0.0
1119,721.6499999999999,67,0.05,1,50,0.1,0.05,0.3092046470062556,68,0.0,1.511111111111111,0.0
1120,707.5499999999994,149,0.05,1,50,0.1,0.05,0.3098214285714286,150,0.006666666666666667,3.1914893617021276,96.37378692626953
1121,-108.24999999999999,66,0.05,0,50,0.1,0.05,0.3095450490633363,66,0.0,5.076923076923077,0.0
1122,65.00000000000082,300,0.05,0,50,0.1,0.05,0.3092691622103387,301,0.0033222591362126247,10.75,0.0
1123,-15.000000000000071,300,0.05,0,50,0.1,0.05,0.3089937666963491,301,0.0,7.341463414634147,0.0
1124,519.5,10,0.05,1,50,0.1,0.05,0.3096085409252669,11,0.09090909090909091,1.375,0.0
1125,85.00000000000082,300,0.05,0,50,0.1,0.05,0.30933333333333335,301,0.0,7.525,25.177152633666992
1126,75.00000000000081,300,0.05,0,50,0.1,0.05,0.30905861456483125,301,0.0033222591362126247,6.543478260869565,0.0
1127,667.2499999999989,155,0.05,1,50,0.1,0.05,0.30967169476486245,156,0.00641025641025641,4.0,0.0
1128,643.1500000000001,37,0.05,1,50,0.1,0.05,0.3102836879432624,38,0.02631578947368421,1.1515151515151516,0.0
1129,513.55,29,0.05,1,50,0.1,0.05,0.31089459698848537,30,0.03333333333333333,4.285714285714286,0.0
1130,114.99999999999886,300,0.05,0,50,0.1,0.05,0.3106194690265487,301,0.0033222591362126247,6.404255319148936,44.8495979309082
1131,539.1999999999999,16,0.05,1,50,0.1,0.05,0.3112290008841733,17,0.0,2.125,0.0
1132,835.6999999999996,86,0.05,1,50,0.1,0.05,0.3118374558303887,87,0.0,1.2794117647058822,0.0
1133,554.45,11,0.05,1,50,0.1,0.05,0.3124448367166814,12,0.0,1.0909090909090908,0.0
1134,766.2999999999997,74,0.05,1,50,0.1,0.05,0.31305114638447973,75,0.013333333333333334,1.293103448275862,0.0
1135,592.0500000000001,59,0.05,1,50,0.1,0.05,0.3136563876651982,60,0.0,3.1578947368421053,62.537513732910156
1136,553.4499999999999,31,0.05,1,50,0.1,0.05,0.3142605633802817,32,0.0,2.909090909090909,0.0
1137,579.2,16,0.05,1,50,0.1,0.05,0.3148636763412489,17,0.0,1.0625,0.0
1138,234.9999999999981,300,0.05,0,50,0.1,0.05,0.3145869947275923,301,0.006644518272425249,4.934426229508197,0.0
1139,513.15,37,0.05,1,50,0.1,0.05,0.315188762071993,38,0.02631578947368421,5.428571428571429,0.0
1140,722.9000000000001,142,0.05,1,50,0.1,0.05,0.3157894736842105,143,0.006993006993006993,2.86,43.30479431152344
1141,566.6000000000007,268,0.05,1,50,0.1,0.05,0.31638913234005256,269,0.0,16.8125,0.0
1142,-77.85000000000002,58,0.05,0,50,0.1,0.05,0.3161120840630473,58,0.0,2.5217391304347827,0.0
1143,264.99999999999704,300,0.05,0,50,0.1,0.05,0.31583552055993,301,0.0,4.703125,0.0
1144,821.0499999999996,79,0.05,1,50,0.1,0.05,0.31643356643356646,80,0.0,1.2307692307692308,0.0
1145,63.79999999999967,125,0.05,0,50,0.1,0.05,0.31615720524017465,125,0.0,1.9230769230769231,33.87421417236328
1146,55.000000000000824,300,0.05,0,50,0.1,0.05,0.3158813263525305,301,0.0,18.8125,0.0
1147,-200,300,0.05,0,50,0.1,0.05,0.3156059285091543,301,0.09634551495016612,6.543478260869565,0.0
1148,539.5,10,0.05,1,50,0.1,0.05,0.3162020905923345,11,0.0,1.375,0.0
1149,514.65,7,0.05,1,50,0.1,0.05,0.3167972149695387,8,0.125,1.1428571428571428,0.0
1150,550.6500000000002,87,0.05,1,50,0.1,0.05,0.3173913043478261,88,0.0,8.0,23.87537384033203
1151,821.2499999999995,75,0.05,1,50,0.1,0.05,0.317984361424848,76,0.0,1.1692307692307693,0.0
1152,655.7999999999995,84,0.05,1,50,0.1,0.05,0.3185763888888889,85,0.011764705882352941,2.361111111111111,0.0
1153,628.9499999999991,121,0.05,1,50,0.1,0.05,0.3191673894189072,122,0.00819672131147541,3.935483870967742,0.0
1154,554.9499999999992,201,0.05,1,50,0.1,0.05,0.3197573656845754,202,0.054455445544554455,3.543859649122807,0.0
1155,518.0,40,0.05,1,50,0.1,0.05,0.3203463203463203,41,0.024390243902439025,5.125,52.46755599975586
1156,633.25,35,0.05,1,50,0.1,0.05,0.3209342560553633,36,0.027777777777777776,1.1612903225806452,0.0
1157,452.60000000000025,148,0.05,1,50,0.1,0.05,0.32152117545375974,149,0.06711409395973154,4.65625,0.0
1158,593.75,25,0.05,1,50,0.1,0.05,0.3221070811744387,26,0.0,1.368421052631579,0.0
1159,105.00000000000061,300,0.05,0,50,0.1,0.05,0.32182916307161347,301,0.0033222591362126247,6.404255319148936,0.0
1160,835.9999999999995,80,0.05,1,50,0.1,0.05,0.32241379310344825,81,0.0,1.1911764705882353,56.626182556152344
1161,539.5,10,0.05,1,50,0.1,0.05,0.32299741602067183,11,0.0,1.375,0.0
1162,517.8,44,0.05,1,50,0.1,0.05,0.32358003442340794,45,0.022222222222222223,5.625,0.0
1163,-31.749999999999645,136,0.05,0,50,0.1,0.05,0.3233018056749785,136,0.0,2.7755102040816326,0.0
1164,473.5999999999996,128,0.05,1,50,0.1,0.05,0.3238831615120275,129,0.08527131782945736,3.225,0.0
1165,645.5999999999995,88,0.05,1,50,0.1,0.05,0.3244635193133047,89,0.033707865168539325,2.119047619047619,249.15911865234375
1166,727.2999999999997,54,0.05,1,50,0.1,0.05,0.32504288164665524,55,0.0,1.1956521739130435,0.0
1167,546.2,76,0.05,1,50,0.1,0.05,0.32562125107112255,77,0.012987012987012988,5.5,0.0
1168,658.0999999999999,38,0.05,1,50,0.1,0.05,0.3261986301369863,39,0.0,1.21875,0.0
1169,573.65,27,0.05,1,50,0.1,0.05,0.32677502138579984,28,0.03571428571428571,1.4736842105263157,0.0
1170,688.4499999999991,131,0.05,1,50,0.1,0.05,0.32735042735042735,132,0.0,3.3846153846153846,29.680774688720703
1171,637.3000000000001,54,0.05,1,50,0.1,0.05,0.32792485055508114,55,0.0,1.9642857142857142,0.0
1172,623.1500000000001,37,0.05,1,50,0.1,0.05,0.32849829351535836,38,0.0,1.52,0.0
1173,533.9499999999999,21,0.05,1,50,0.1,0.05,0.3290707587382779,22,0.0,3.142857142857143,0.0
1174,-105.05,2,0.05,0,50,0.1,0.05,0.3287904599659284,2,0.0,0.15384615384615385,0.0
1175,-90.1,3,0.05,0,50,0.1,0.05,0.32851063829787236,3,0.0,0.07692307692307693,69.24217224121094
1176,723.299999999999,134,0.05,1,50,0.1,0.05,0.32908163265306123,135,0.0,2.9347826086956523,0.0
1177,697.7999999999998,44,0.05,1,50,0.1,0.05,0.3296516567544605,45,0.0,1.125,0.0
1178,494.5999999999994,108,0.05,1,50,0.1,0.05,0.3302207130730051,109,0.14678899082568808,1.703125,0.0
1179,-84.99999999999922,300,0.05,0,50,0.1,0.05,0.3299406276505513,301,0.029900332225913623,5.679245283018868,0.0
1180,664.649999999998,207,0.05,1,50,0.1,0.05,0.3305084745762712,208,0.014423076923076924,4.425531914893617,38.94812774658203
1181,527.5499999999998,149,0.05,1,50,0.1,0.05,0.3310753598645216,150,0.0,21.428571428571427,0.0
1182,760.8499999999997,83,0.05,1,50,0.1,0.05,0.3316412859560068,84,0.0,1.5849056603773586,0.0
1183,820.3499999999995,93,0.05,1,50,0.1,0.05,0.3322062552831784,94,0.0,1.4461538461538461,0.0
1184,-104.50000000000001,91,0.05,0,50,0.1,0.05,0.33192567567567566,91,0.0,2.4594594594594597,0.0
1185,229.14999999999947,117,0.05,1,50,0.1,0.05,0.33248945147679326,118,0.211864406779661,2.5106382978723403,50.80503845214844
1186,45.00000000000083,300,0.05,0,50,0.1,0.05,0.33220910623946037,301,0.0,21.5,0.0
1187,835.1999999999996,96,0.05,1,50,0.1,0.05,0.33277169334456613,97,0.0,1.4264705882352942,0.0
1188,164.99999999999707,300,0.05,0,50,0.1,0.05,0.3324915824915825,301,0.009966777408637873,6.142857142857143,0.0
1189,679.2499999999991,115,0.05,1,50,0.1,0.05,0.3330529857022708,116,0.008620689655172414,2.8292682926829267,0.0
1190,612.7500000000001,45,0.05,1,50,0.1,0.05,0.33361344537815124,46,0.021739130434782608,1.7037037037037037,27.37662696838379
1191,544.15,17,0.05,1,50,0.1,0.05,0.3341729638958858,18,0.0,2.0,0.0
1192,726.9999999999999,60,0.05,1,50,0.1,0.05,0.3347315436241611,61,0.0,1.326086956521739,0.0
1193,612.0500000000002,59,0.05,1,50,0.1,0.05,0.3352891869237217,60,0.016666666666666666,2.2222222222222223,0.0
1194,671.3499999999996,73,0.05,1,50,0.1,0.05,0.3358458961474037,74,0.013513513513513514,1.8974358974358974,0.0
1195,672.1499999999997,57,0.05,1,50,0.1,0.05,0.3364016736401674,58,0.017241379310344827,1.4871794871794872,33.82587432861328
1196,565.4000000000002,92,0.05,1,50,0.1,0.05,0.33695652173913043,93,0.0,6.642857142857143,0.0
1197,723.7999999999995,124,0.05,1,50,0.1,0.05,0.33751044277360065,125,0.0,2.717391304347826,0.0
1198,633.45,31,0.05,1,50,0.1,0.05,0.3380634390651085,32,0.03125,1.032258064516129,0.0
1199,656.3499999999984,173,0.05,1,50,0.1,0.05,0.3386155129274395,174,0.022988505747126436,3.5510204081632653,0.0
1200,25.000000000000103,300,0.05,0,50,0.1,0.05,0.3383333333333333,301,0.0033222591362126247,17.705882352941178,46.26445388793945
1201,681.7499999999985,265,0.05,1,50,0.1,0.05,0.3388842631140716,266,0.011278195488721804,5.659574468085107,0.0
1202,549.2,16,0.05,1,50,0.1,0.05,0.33943427620632277,17,0.0,1.7,0.0
1203,538.9499999999999,121,0.05,1,50,0.1,0.05,0.3399833748960931,122,0.0,13.555555555555555,0.0
1204,514.65,7,0.05,1,50,0.1,0.05,0.34053156146179403,8,0.125,1.1428571428571428,0.0
1205,687.3999999999999,52,0.05,1,50,0.1,0.05,0.34107883817427387,53,0.03773584905660377,1.1521739130434783,33.72993469238281
1206,647.6,48,0.05,1,50,0.1,0.05,0.3416252072968491,49,0.02040816326530612,1.4411764705882353,0.0
1207,617.2,56,0.05,1,50,0.1,0.05,0.34217067108533555,57,0.0,2.375,0.0
1208,692.6499999999999,47,0.05,1,50,0.1,0.05,0.34271523178807944,48,0.0,1.2307692307692308,0.0
1209,776.6999999999998,66,0.05,1,50,0.1,0.05,0.34325889164598844,67,0.014925373134328358,1.1166666666666667,0.0
1210,593.95,21,0.05,1,50,0.1,0.05,0.343801652892562,22,0.0,1.1578947368421053,49.79723358154297
1211,617.7,46,0.05,1,50,0.1,0.05,0.34434351775392236,47,0.02127659574468085,1.6785714285714286,0.0
1212,784.4999999999998,110,0.05,1,50,0.1,0.05,0.3448844884488449,111,0.009009009009009009,1.7903225806451613,0.0
1213,95.00000000000082,300,0.05,0,50,0.1,0.05,0.3446001648804617,301,0.009966777408637873,7.341463414634147,0.0
1214,633.6500000000001,27,0.05,1,50,0.1,0.05,0.34514003294892914,28,0.0,1.037037037037037,0.0
1215,690.7499999999994,85,0.05,1,50,0.1,0.05,0.345679012345679,86,0.0,2.2051282051282053,606.0288696289062
1216,504.95,1,0.05,1,50,0.1,0.05,0.3462171052631579,2,0.0,2.0,0.0
1217,633.1500000000001,37,0.05,1,50,0.1,0.05,0.34675431388660644,38,0.02631578947368421,1.2258064516129032,0.0
1218,689.8499999999993,103,0.05,1,50,0.1,0.05,0.3472906403940887,104,0.009615384615384616,2.4186046511627906,0.0
1219,711.0999999999999,178,0.05,1,50,0.1,0.05,0.34782608695652173,179,0.0,4.068181818181818,0.0
1220,635.5000000000001,90,0.05,1,50,0.1,0.05,0.3483606557377049,91,0.0,3.25,44.82514953613281
1221,633.25,35,0.05,1,50,0.1,0.05,0.3488943488943489,36,0.0,1.3333333333333333,0.0
1222,767.4499999999987,151,0.05,1,50,0.1,0.05,0.34942716857610473,152,0.0,2.7636363636363637,0.0
1223,-70.5,11,0.05,0,50,0.1,0.05,0.3491414554374489,11,0.0,0.28205128205128205,0.0
1224,653.25,35,0.05,1,50,0.1,0.05,0.34967320261437906,36,0.0,1.1612903225806452,0.0
1225,4.99999999999995,300,0.05,0,50,0.1,0.05,0.34938775510204084,301,0.0,60.2,54.55640411376953
1226,608.2500000000003,135,0.05,1,50,0.1,0.05,0.34991843393148453,136,0.007352941176470588,5.037037037037037,0.0
1227,544.0500000000001,19,0.05,1,50,0.1,0.05,0.3504482477587612,20,0.0,2.2222222222222223,0.0
1228,234.99999999999736,300,0.05,0,50,0.1,0.05,0.3501628664495114,301,0.0,5.574074074074074,0.0
1229,509.9,2,0.05,1,50,0.1,0.05,0.3506916192026037,3,0.0,1.5,0.0
1230,29.149999999999494,118,0.05,0,50,0.1,0.05,0.35040650406504065,118,0.01694915254237288,2.95,29.49327278137207
1231,533.35,33,0.05,1,50,0.1,0.05,0.35093419983753044,34,0.0,4.857142857142857,0.0
1232,692.9499999999998,41,0.05,1,50,0.1,0.05,0.351461038961039,42,0.0,1.0769230769230769,0.0
1233,766.8499999999988,163,0.05,1,50,0.1,0.05,0.3519870235198702,164,0.0,2.981818181818182,0.0
1234,114.99999999999731,300,0.05,0,50,0.1,0.05,0.35170178282009723,301,0.029900332225913623,4.630769230769231,0.0
1235,644.2999999999995,114,0.05,1,50,0.1,0.05,0.3522267206477733,115,0.008695652173913044,3.3823529411764706,15.626269340515137
1236,756.7999999999997,64,0.05,1,50,0.1,0.05,0.35275080906148865,65,0.03076923076923077,1.0833333333333333,0.0
1237,-175.00000000000108,300,0.05,0,50,0.1,0.05,0.35246564268391267,301,0.023255813953488372,37.625,0.0
1238,-40.84999999999969,118,0.05,0,50,0.1,0.05,0.35218093699515346,118,0.0,8.428571428571429,0.0
1239,727.4999999999998,50,0.05,1,50,0.1,0.05,0.3527037933817595,51,0.0,1.108695652173913,0.0
1240,499.2499999999999,115,0.05,1,50,0.1,0.05,0.3532258064516129,116,0.008620689655172414,23.2,18.70596694946289
1241,637.8999999999999,42,0.05,1,50,0.1,0.05,0.35374697824335216,43,0.023255813953488372,1.34375,0.0
1242,544.25,15,0.05,1,50,0.1,0.05,0.35426731078904994,16,0.0,1.7777777777777777,0.0
1243,502.15,57,0.05,1,50,0.1,0.05,0.35478680611423974,58,0.017241379310344827,11.6,0.0
1244,702.6499999999999,47,0.05,1,50,0.1,0.05,0.3553054662379421,48,0.020833333333333332,1.0666666666666667,0.0
1245,529.6,8,0.05,1,50,0.1,0.05,0.35582329317269074,9,0.0,1.5,29.142210006713867
1246,812.5999999999987,148,0.05,1,50,0.1,0.05,0.3563402889245586,149,0.0,2.328125,0.0
1247,-95.05,2,0.05,0,50,0.1,0.05,0.35605453087409783,2,0.0,0.09090909090909091,0.0
1248,801.2499999999995,75,0.05,1,50,0.1,0.05,0.35657051282051283,76,0.013157894736842105,1.1692307692307693,0.0
1249,-114.99999999999936,300,0.05,0,50,0.1,0.05,0.35628502802241796,301,0.013289036544850499,37.625,0.0
1250,514.85,3,0.05,1,50,0.1,0.05,0.3568,4,0.25,1.3333333333333333,16.772247314453125
1251,736.4999999999998,70,0.05,1,50,0.1,0.05,0.35731414868105515,71,0.0,1.4791666666666667,0.0
1252,94.99999999999834,300,0.05,0,50,0.1,0.05,0.3570287539936102,301,0.009966777408637873,7.341463414634147,0.0
1253,-100,1,0.05,0,50,0.1,0.05,0.3567438148443735,1,0.0,0.045454545454545456,0.0
1254,596.8000000000002,64,0.05,1,50,0.1,0.05,0.3572567783094099,65,0.015384615384615385,2.7083333333333335,0.0
1255,537.6999999999999,46,0.05,1,50,0.1,0.05,0.35776892430278884,47,0.0,5.875,22.328874588012695
1256,631.4000000000001,172,0.05,1,50,0.1,0.05,0.35828025477707004,173,0.005780346820809248,5.40625,0.0
1257,816.0499999999984,179,0.05,1,50,0.1,0.05,0.35879077167859985,180,0.0,2.769230769230769,0.0
1258,568.4000000000001,32,0.05,1,50,0.1,0.05,0.35930047694753575,33,0.0,2.357142857142857,0.0
1259,576.6000000000001,68,0.05,1,50,0.1,0.05,0.3598093725178713,69,0.0,4.3125,0.0
1260,736.9999999999998,60,0.05,1,50,0.1,0.05,0.3603174603174603,61,0.04918032786885246,1.0166666666666666,18.79851531982422
1261,683.7499999999977,225,0.05,1,50,0.1,0.05,0.36082474226804123,226,0.0,5.794871794871795,0.0
1262,194.99999999999702,300,0.05,0,50,0.1,0.05,0.36053882725832015,301,0.0033222591362126247,6.142857142857143,0.0
1263,548.5,30,0.05,1,50,0.1,0.05,0.36104513064133015,31,0.0,3.1,0.0
1264,574.15,17,0.05,1,50,0.1,0.05,0.3615506329113924,18,0.0,1.2,0.0
1265,623.1500000000001,37,0.05,1,50,0.1,0.05,0.36205533596837947,38,0.02631578947368421,1.3103448275862069,59.84589767456055
1266,633.1500000000001,37,0.05,1,50,0.1,0.05,0.36255924170616116,38,0.02631578947368421,1.2258064516129032,0.0
1267,677.8999999999999,42,0.05,1,50,0.1,0.05,0.36306235201262826,43,0.0,1.1944444444444444,0.0
1268,174.99999999999693,300,0.05,0,50,0.1,0.05,0.3627760252365931,301,0.0,7.525,0.0
1269,618.2500000000003,135,0.05,1,50,0.1,0.05,0.3632781717888101,136,0.007352941176470588,4.689655172413793,0.0
1270,646.3999999999996,72,0.05,1,50,0.1,0.05,0.3637795275590551,73,0.0547945205479452,1.5869565217391304,97.97801971435547
1271,718.95,121,0.05,1,50,0.1,0.05,0.36428009441384734,122,0.00819672131147541,2.489795918367347,0.0
1272,722.4000000000001,152,0.05,1,50,0.1,0.05,0.36477987421383645,153,0.0,3.3260869565217392,0.0
1273,594.05,19,0.05,1,50,0.1,0.05,0.3652788688138256,20,0.0,1.0526315789473684,0.0
1274,144.59999999999968,109,0.05,0,50,0.1,0.05,0.3649921507064364,109,0.0,1.676923076923077,0.0
1275,124.99999999999794,300,0.05,0,50,0.1,0.05,0.36470588235294116,301,0.0033222591362126247,7.341463414634147,85.25569152832031
1276,711.2499999999997,75,0.05,1,50,0.1,0.05,0.3652037617554859,76,0.0,1.7674418604651163,0.0
1277,40.44999999999979,92,0.05,0,50,0.1,0.05,0.36491777603758807,92,0.010869565217391304,2.2439024390243905,0.0
1278,-67.85000000000002,58,0.05,0,50,0.1,0.05,0.3646322378716745,58,0.017241379310344827,2.5217391304347827,0.0
1279,816.2999999999996,74,0.05,1,50,0.1,0.05,0.36512900703674744,75,0.0,1.171875,0.0
1280,-123.70000000000002,75,0.05,0,50,0.1,0.05,0.36484375,75,0.0,1.6304347826086956,126.01872253417969
1281,584.05,19,0.05,1,50,0.1,0.05,0.36533957845433257,20,0.0,1.1764705882352942,0.0
1282,638.5,30,0.05,1,50,0.1,0.05,0.3658346333853354,31,0.0,1.1071428571428572,0.0
1283,537.8,44,0.05,1,50,0.1,0.05,0.36632891660171474,45,0.0,5.625,0.0
1284,652.3499999999998,53,0.05,1,50,0.1,0.05,0.36682242990654207,54,0.0,1.7419354838709677,0.0
1285,533.4499999999998,231,0.05,1,50,0.1,0.05,0.3673151750972763,232,0.0,25.77777777777778,9.182782173156738
1286,643.55,29,0.05,1,50,0.1,0.05,0.3678071539657854,30,0.0,1.0344827586206897,0.0
1287,124.99999999999953,300,0.05,0,50,0.1,0.05,0.36752136752136755,301,0.006644518272425249,7.341463414634147,0.0
1288,537.4,52,0.05,1,50,0.1,0.05,0.36801242236024845,53,0.0,6.625,0.0
1289,561.3000000000004,174,0.05,1,50,0.1,0.05,0.36850271528316525,175,0.0,12.5,0.0
1290,749.9000000000001,202,0.05,1,50,0.1,0.05,0.3689922480620155,203,0.009852216748768473,3.3833333333333333,22.360925674438477
1291,-17.2499999999999,46,0.05,0,50,0.1,0.05,0.3687064291247095,46,0.0,0.9787234042553191,0.0
1292,568.5500000000003,129,0.05,1,50,0.1,0.05,0.36919504643962847,130,0.007692307692307693,6.842105263157895,0.0
1293,224.99999999999702,300,0.05,0,50,0.1,0.05,0.3689095127610209,301,0.0,5.574074074074074,0.0
1294,553.6500000000001,27,0.05,1,50,0.1,0.05,0.3693972179289026,28,0.0,2.5454545454545454,0.0
1295,134.99999999999713,300,0.05,0,50,0.1,0.05,0.3691119691119691,301,0.006644518272425249,7.525,77.2107162475586
1296,546.4000000000001,72,0.05,1,50,0.1,0.05,0.36959876543209874,73,0.0,7.3,0.0
1297,574.25,15,0.05,1,50,0.1,0.05,0.3700848111025443,16,0.0,1.0666666666666667,0.0
1298,569.0,20,0.05,1,50,0.1,0.05,0.37057010785824346,21,0.0,1.5,0.0
1299,135.00000000000014,300,0.05,0,50,0.1,0.05,0.37028483448806776,301,0.006644518272425249,7.525,0.0
1300,707.8499999999997,143,0.05,1,50,0.1,0.05,0.3707692307692308,144,0.0,3.3488372093023258,66.76676940917969
1301,528.5,30,0.05,1,50,0.1,0.05,0.3712528823981553,31,0.0,5.166666666666667,0.0
1302,805.149999999998,197,0.05,1,50,0.1,0.05,0.3717357910906298,198,0.0,3.142857142857143,0.0
1303,574.05,19,0.05,1,50,0.1,0.05,0.37221795855717577,20,0.0,1.3333333333333333,0.0
1304,692.8499999999999,43,0.05,1,50,0.1,0.05,0.3726993865030675,44,0.0,1.1282051282051282,0.0
1305,179.84999999999923,104,0.05,0,50,0.1,0.05,0.3724137931034483,104,0.0,1.625,60.182106018066406
1306,747.899999999998,242,0.05,1,50,0.1,0.05,0.37289433384379783,243,0.0,4.673076923076923,0.0
1307,662.9499999999978,241,0.05,1,50,0.1,0.05,0.37337413925019125,242,0.012396694214876033,5.148936170212766,0.0
1308,568.9,22,0.05,1,50,0.1,0.05,0.3738532110091743,23,0.0,1.6428571428571428,0.0
1309,598.0,40,0.05,1,50,0.1,0.05,0.37433155080213903,41,0.024390243902439025,1.7083333333333333,0.0
1310,545.1000000000001,98,0.05,1,50,0.1,0.05,0.3748091603053435,99,0.0,9.9,59.793453216552734
1311,666.9000000000001,62,0.05,1,50,0.1,0.05,0.37528604118993136,63,0.0,1.8529411764705883,0.0
1312,685.9999999999998,80,0.05,1,50,0.1,0.05,0.3757621951219512,81,0.012345679012345678,1.9285714285714286,0.0
1313,786.6499999999985,167,0.05,1,50,0.1,0.05,0.37623762376237624,168,0.0,2.847457627118644,0.0
1314,666.6999999999996,66,0.05,1,50,0.1,0.05,0.3767123287671233,67,0.0,1.9705882352941178,0.0
1315,757.1999999999998,56,0.05,1,50,0.1,0.05,0.37718631178707224,57,0.0,1.0961538461538463,33.448143005371094
1316,66.99999999999974,61,0.05,0,50,0.1,0.05,0.3768996960486322,61,0.0,1.4878048780487805,0.0
1317,717.6999999999998,46,0.05,1,50,0.1,0.05,0.3773728170083523,47,0.0,1.0681818181818181,0.0
1318,7.500000000000114,51,0.05,0,50,0.1,0.05,0.37708649468892264,51,0.0,1.02,0.0
1319,638.6,28,0.05,1,50,0.1,0.05,0.3775587566338135,29,0.0,1.0357142857142858,0.0
1320,85.00000000000078,300,0.05,0,50,0.1,0.05,0.37727272727272726,301,0.0,8.852941176470589,56.68778991699219
1321,677.5,50,0.05,1,50,0.1,0.05,0.3777441332323997,51,0.0196078431372549,1.275,0.0
1322,673.3999999999988,132,0.05,1,50,0.1,0.05,0.37821482602118,133,0.0,3.6944444444444446,0.0
1323,574.05,19,0.05,1,50,0.1,0.05,0.3786848072562358,20,0.0,1.3333333333333333,0.0
1324,54.50000000000006,111,0.05,0,50,0.1,0.05,0.3783987915407855,111,0.009009009009009009,2.018181818181818,0.0
1325,-28.649999999999835,74,0.05,0,50,0.1,0.05,0.3781132075471698,74,0.0,2.96,26.072181701660156
1326,593.95,21,0.05,1,50,0.1,0.05,0.37858220211161386,22,0.0,1.1578947368421053,0.0
1327,544.55,9,0.05,1,50,0.1,0.05,0.3790504898266767,10,0.0,1.1111111111111112,0.0
1328,-200,144,0.05,0,50,0.1,0.05,0.37876506024096385,144,0.10416666666666667,3.0638297872340425,0.0
1329,593.45,31,0.05,1,50,0.1,0.05,0.3792325056433409,32,0.0,1.6842105263157894,0.0
1330,543.0999999999999,138,0.05,1,50,0.1,0.05,0.37969924812030076,139,0.0,13.9,12.316899299621582
1331,554.35,13,0.05,1,50,0.1,0.05,0.38016528925619836,14,0.0,1.2727272727272727,0.0
1332,544.55,9,0.05,1,50,0.1,0.05,0.38063063063063063,10,0.0,1.1111111111111112,0.0
1333,732.2999999999988,154,0.05,1,50,0.1,0.05,0.3810952738184546,155,0.01935483870967742,2.5833333333333335,0.0
1334,534.65,7,0.05,1,50,0.1,0.05,0.3815592203898051,8,0.0,1.1428571428571428,0.0
1335,131.5499999999973,270,0.05,0,50,0.1,0.05,0.38127340823970035,270,0.0,5.0,20.492372512817383
1336,670.9999999999992,180,0.05,1,50,0.1,0.05,0.38173652694610777,181,0.0055248618784530384,4.525,0.0
1337,695.1499999999987,197,0.05,1,50,0.1,0.05,0.38219895287958117,198,0.010101010101010102,4.040816326530612,0.0
1338,502.45,51,0.05,1,50,0.1,0.05,0.38266068759342303,52,0.019230769230769232,10.4,0.0
1339,694.0999999999991,118,0.05,1,50,0.1,0.05,0.38312173263629573,119,0.01680672268907563,2.4791666666666665,0.0
1340,514.65,7,0.05,1,50,0.1,0.05,0.3835820895522388,8,0.125,1.1428571428571428,21.45757293701172
1341,572.3000000000004,154,0.05,1,50,0.1,0.05,0.38404175988068606,155,0.0064516129032258064,7.75,0.0
1342,814.4999999999991,110,0.05,1,50,0.1,0.05,0.38450074515648286,111,0.009009009009009009,1.6323529411764706,0.0
1343,608.9,22,0.05,1,50,0.1,0.05,0.3849590469099032,23,0.0,1.0454545454545454,0.0
1344,514.65,7,0.05,1,50,0.1,0.05,0.3854166666666667,8,0.125,1.1428571428571428,0.0
1345,663.7499999999999,225,0.05,1,50,0.1,0.05,0.3858736059479554,226,0.008849557522123894,5.255813953488372,30.66006088256836
1346,624.7499999999989,205,0.05,1,50,0.1,0.05,0.3863298662704309,206,0.024271844660194174,4.382978723404255,0.0
1347,534.55,9,0.05,1,50,0.1,0.05,0.3867854491462509,10,0.0,1.4285714285714286,0.0
1348,593.5500000000001,29,0.05,1,50,0.1,0.05,0.38724035608308605,30,0.0,1.5789473684210527,0.0
1349,741.0499999999995,79,0.05,1,50,0.1,0.05,0.3876945885841364,80,0.0,1.6326530612244898,0.0
1350,638.1,38,0.05,1,50,0.1,0.05,0.38814814814814813,39,0.0,1.3928571428571428,46.84063720703125
1351,-8.249999999999844,66,0.05,0,50,0.1,0.05,0.38786084381939306,66,0.0,1.9411764705882353,0.0
1352,608.6,28,0.05,1,50,0.1,0.05,0.38831360946745563,29,0.0,1.3181818181818181,0.0
1353,554.45,11,0.05,1,50,0.1,0.05,0.3887657058388766,12,0.0,1.0909090909090908,0.0
1354,234.5999999999995,108,0.05,1,50,0.1,0.05,0.3892171344165436,109,0.1926605504587156,3.40625,0.0
1355,638.5,30,0.05,1,50,0.1,0.05,0.3896678966789668,31,0.0,1.1071428571428572,62.31999588012695
1356,716.0999999999995,78,0.05,1,50,0.1,0.05,0.39011799410029496,79,0.012658227848101266,1.6458333333333333,0.0
1357,573.75,25,0.05,1,50,0.1,0.05,0.39056742815033163,26,0.0,1.7333333333333334,0.0
1358,810.9499999999995,81,0.05,1,50,0.1,0.05,0.3910162002945508,82,0.0,1.3015873015873016,0.0
1359,739.3499999999999,113,0.05,1,50,0.1,0.05,0.3914643119941133,114,0.0,2.326530612244898,0.0
1360,623.25,35,0.05,1,50,0.1,0.05,0.39191176470588235,36,0.027777777777777776,1.2413793103448276,15.46376895904541
1361,164.99999999999707,300,0.05,0,50,0.1,0.05,0.39162380602498165,301,0.006644518272425249,6.404255319148936,0.0
1362,738.5999999999996,228,0.05,1,50,0.1,0.05,0.3920704845814978,229,0.008733624454148471,3.9482758620689653,0.0
1363,726.9999999999998,60,0.05,1,50,0.1,0.05,0.39251650770359503,61,0.0,1.326086956521739,0.0
1364,667.3999999999999,52,0.05,1,50,0.1,0.05,0.39296187683284456,53,0.0,1.5588235294117647,0.0
1365,684.0999999999993,118,0.05,1,50,0.1,0.05,0.3934065934065934,119,0.04201680672268908,2.0517241379310347,40.7578125
1366,648.7499999999997,125,0.05,1,50,0.1,0.05,0.3938506588579795,126,0.015873015873015872,3.230769230769231,0.0
1367,164.99999999999758,300,0.05,0,50,0.1,0.05,0.393562545720556,301,0.006644518272425249,6.404255319148936,0.0
1368,35.00000000000029,300,0.05,0,50,0.1,0.05,0.3932748538011696,301,0.006644518272425249,5.472727272727273,0.0
1369,514.35,13,0.05,1,50,0.1,0.05,0.393718042366691,14,0.07142857142857142,2.0,0.0
1370,564.35,13,0.05,1,50,0.1,0.05,0.39416058394160586,14,0.0,1.0769230769230769,25.610261917114258
1371,593.85,23,0.05,1,50,0.1,0.05,0.39460247994164843,24,0.0,1.263157894736842,0.0
1372,144.99999999999696,300,0.05,0,50,0.1,0.05,0.3943148688046647,301,0.0,8.852941176470589,0.0
1373,657.6999999999998,46,0.05,1,50,0.1,0.05,0.39475600873998545,47,0.0,1.46875,0.0
1374,617.8000000000001,44,0.05,1,50,0.1,0.05,0.3951965065502183,45,0.0,1.875,0.0
1375,561.6000000000005,168,0.05,1,50,0.1,0.05,0.3956363636363636,169,0.0,12.071428571428571,24.88365364074707
1376,623.25,35,0.05,1,50,0.1,0.05,0.3960755813953488,36,0.0,1.44,0.0
1377,184.999999999997,300,0.05,0,50,0.1,0.05,0.39578794480755264,301,0.0033222591362126247,6.404255319148936,0.0
1378,572.8500000000006,243,0.05,1,50,0.1,0.05,0.39622641509433965,244,0.0,14.352941176470589,0.0
1379,717.0999999999997,58,0.05,1,50,0.1,0.05,0.3966642494561276,59,0.0,1.3409090909090908,0.0
1380,460.55000000000024,89,0.05,1,50,0.1,0.05,0.39710144927536234,90,0.022222222222222223,90.0,170.2554931640625
1381,597.3000000000002,254,0.05,1,50,0.1,0.05,0.39753801593048516,255,0.00784313725490196,8.5,0.0
1382,735.5999999999996,88,0.05,1,50,0.1,0.05,0.3979739507959479,89,0.0,1.8541666666666667,0.0
1383,720.4999999999982,190,0.05,1,50,0.1,0.05,0.39840925524222703,191,0.0,4.1521739130434785,0.0
1384,-101.1,23,0.05,0,50,0.1,0.05,0.398121387283237,23,0.0,1.7692307692307692,0.0
1385,691.5999999999984,168,0.05,1,50,0.1,0.05,0.39855595667870036,169,0.0,4.225,45.92866516113281
1386,693.05,39,0.05,1,50,0.1,0.05,0.398989898989899,40,0.0,1.0256410256410255,0.0
1387,615.1500000000005,197,0.05,1,50,0.1,0.05,0.3994232155731795,198,0.0,7.92,0.0
1388,622.0000000000003,160,0.05,1,50,0.1,0.05,0.39985590778097985,161,0.06832298136645963,2.3,0.0
1389,625.2000000000002,96,0.05,1,50,0.1,0.05,0.40028797696184304,97,0.030927835051546393,2.8529411764705883,0.0
1390,594.05,19,0.05,1,50,0.1,0.05,0.40071942446043163,20,0.0,1.0526315789473684,65.81623840332031
1391,724.1999999999991,116,0.05,1,50,0.1,0.05,0.40115025161754136,117,0.0,2.5434782608695654,0.0
1392,44.99999999999858,300,0.05,0,50,0.1,0.05,0.40086206896551724,301,0.019933554817275746,8.135135135135135,0.0
1393,151.5499999999975,270,0.05,0,50,0.1,0.05,0.4005743000717875,270,0.0,4.909090909090909,0.0
1394,-101.6,33,0.05,0,50,0.1,0.05,0.40028694404591103,33,0.0,2.5384615384615383,0.0
1395,543.05,39,0.05,1,50,0.1,0.05,0.4007168458781362,40,0.0,4.444444444444445,19.809757232666016
1396,564.35,13,0.05,1,50,0.1,0.05,0.40114613180515757,14,0.0,1.0769230769230769,0.0
1397,782.3999999999999,152,0.05,1,50,0.1,0.05,0.4015748031496063,153,0.0,2.6379310344827585,0.0
1398,-48.44999999999928,270,0.05,0,50,0.1,0.05,0.4012875536480687,270,0.0,18.0,0.0
1399,554.35,13,0.05,1,50,0.1,0.05,0.4017155110793424,14,0.0,1.2727272727272727,0.0
1400,625.7000000000002,86,0.05,1,50,0.1,0.05,0.40214285714285714,87,0.022988505747126436,2.5588235294117645,68.08830261230469
1401,608.8000000000001,24,0.05,1,50,0.1,0.05,0.4025695931477516,25,0.0,1.1363636363636365,0.0
1402,544.55,9,0.05,1,50,0.1,0.05,0.4029957203994294,10,0.0,1.1111111111111112,0.0
1403,725.8999999999996,82,0.05,1,50,0.1,0.05,0.4034212401995723,83,0.0,1.8043478260869565,0.0
1404,574.6000000000003,108,0.05,1,50,0.1,0.05,0.40384615384615385,109,0.009174311926605505,5.45,0.0
1405,529.3,14,0.05,1,50,0.1,0.05,0.40427046263345195,15,0.06666666666666667,1.5,27.689937591552734
1406,582.5500000000001,49,0.05,1,50,0.1,0.05,0.4046941678520626,50,0.0,2.9411764705882355,0.0
1407,702.3499999999999,53,0.05,1,50,0.1,0.05,0.4051172707889126,54,0.018518518518518517,1.2,0.0
1408,653.35,33,0.05,1,50,0.1,0.05,0.4055397727272727,34,0.029411764705882353,1.096774193548387,0.0
1409,33.49999999999889,131,0.05,0,50,0.1,0.05,0.40525195173882184,131,0.0,2.673469387755102,0.0
1410,578.8,24,0.05,1,50,0.1,0.05,0.4056737588652482,25,0.0,1.5625,24.128782272338867
1411,506.8,64,0.05,1,50,0.1,0.05,0.406094968107725,65,0.0,32.5,0.0
1412,584.05,19,0.05,1,50,0.1,0.05,0.4065155807365439,20,0.0,1.1764705882352942,0.0
1413,544.15,17,0.05,1,50,0.1,0.05,0.40693559801840057,18,0.0,2.0,0.0
1414,539.6,8,0.05,1,50,0.1,0.05,0.4073550212164074,9,0.0,1.125,0.0
1415,543.35,33,0.05,1,50,0.1,0.05,0.407773851590106,34,0.0,3.7777777777777777,29.045269012451172
1416,154.99999999999693,300,0.05,0,50,0.1,0.05,0.4074858757062147,301,0.0,6.543478260869565,0.0
1417,535.4999999999999,90,0.05,1,50,0.1,0.05,0.4079040225829217,91,0.0,11.375,0.0
1418,85.00000000000082,300,0.05,0,50,0.1,0.05,0.4076163610719323,301,0.0,6.02,0.0
1419,25.000000000000018,300,0.05,0,50,0.1,0.05,0.4073291050035236,301,0.006644518272425249,10.75,0.0
1420,254.99999999999977,300,0.05,0,50,0.1,0.05,0.4070422535211268,301,0.0033222591362126247,5.016666666666667,18.48115348815918
1421,504.55,9,0.05,1,50,0.1,0.05,0.4074595355383533,10,0.0,10.0,0.0
1422,618.2500000000003,135,0.05,1,50,0.1,0.05,0.4078762306610408,136,0.007352941176470588,4.689655172413793,0.0
1423,708.949999999999,121,0.05,1,50,0.1,0.05,0.40829234012649335,122,0.0,2.8372093023255816,0.0
1424,-187.54999999999995,52,0.05,0,50,0.1,0.05,0.4080056179775281,52,0.019230769230769232,0.8387096774193549,0.0
1425,677.6999999999998,46,0.05,1,50,0.1,0.05,0.40842105263157896,47,0.02127659574468085,1.175,23.42674446105957
1426,30.55000000000021,90,0.05,0,50,0.1,0.05,0.40813464235624125,90,0.011111111111111112,1.5,0.0
1427,611.0999999999999,178,0.05,1,50,0.1,0.05,0.40854940434477927,179,0.0111731843575419,5.59375,0.0
1428,675.6,88,0.05,1,50,0.1,0.05,0.40896358543417366,89,0.0,2.4722222222222223,0.0
1429,541.3499999999999,73,0.05,1,50,0.1,0.05,0.4093771868439468,74,0.0,8.222222222222221,0.0
1430,717.4999999999999,50,0.05,1,50,0.1,0.05,0.4097902097902098,51,0.0196078431372549,1.0625,28.93863296508789
1431,-4.999999999999647,300,0.05,0,50,0.1,0.05,0.40950384346610763,301,0.016611295681063124,7.0,0.0
1432,601.6500000000001,67,0.05,1,50,0.1,0.05,0.4099162011173184,68,0.029411764705882353,2.3448275862068964,0.0
1433,623.6500000000001,27,0.05,1,50,0.1,0.05,0.41032798325191905,28,0.0,1.12,0.0
1434,720.1999999999988,196,0.05,1,50,0.1,0.05,0.4107391910739191,197,0.005076142131979695,3.94,0.0
1435,10.050000000000253,100,0.05,0,50,0.1,0.05,0.41045296167247386,100,0.0,1.6666666666666667,12.542448043823242
1436,154.99999999999696,300,0.05,0,50,0.1,0.05,0.4101671309192201,301,0.006644518272425249,6.404255319148936,0.0
1437,721.8499999999997,63,0.05,1,50,0.1,0.05,0.41057759220598466,64,0.015625,1.3061224489795917,0.0
1438,569.2,16,0.05,1,50,0.1,0.05,0.4109874826147427,17,0.0,1.2142857142857142,0.0
1439,627.5000000000005,250,0.05,1,50,0.1,0.05,0.41139680333564976,251,0.00398406374501992,7.84375,0.0
1440,722.3999999999986,152,0.05,1,50,0.1,0.05,0.41180555555555554,153,0.0,3.3260869565217392,18.99611473083496
1441,-4.999999999999784,300,0.05,0,50,0.1,0.05,0.4115197779319917,301,0.0033222591362126247,5.189655172413793,0.0
1442,529.7,6,0.05,1,50,0.1,0.05,0.4119278779472954,7,0.0,1.1666666666666667,0.0
1443,543.6000000000004,128,0.05,1,50,0.1,0.05,0.4123354123354123,129,0.007751937984496124,9.214285714285714,0.0
1444,643.15,37,0.05,1,50,0.1,0.05,0.41274238227146814,38,0.0,1.3103448275862069,0.0
1445,593.85,23,0.05,1,50,0.1,0.05,0.41314878892733564,24,0.041666666666666664,1.0434782608695652,15.382485389709473
1446,623.35,33,0.05,1,50,0.1,0.05,0.4135546334716459,34,0.029411764705882353,1.1724137931034482,0.0
1447,553.95,21,0.05,1,50,0.1,0.05,0.41395991706979957,22,0.0,2.0,0.0
1448,564.25,15,0.05,1,50,0.1,0.05,0.4143646408839779,16,0.0,1.2307692307692308,0.0
1449,124.99999999999879,300,0.05,0,50,0.1,0.05,0.4140786749482402,301,0.0,6.543478260869565,0.0
1450,651.4500000000006,271,0.05,1,50,0.1,0.05,0.4144827586206897,272,0.0,8.242424242424242,135.6996612548828
1451,-92.3,47,0.05,0,50,0.1,0.05,0.41419710544452104,47,0.0,0.8703703703703703,0.0
1452,-200,239,0.05,0,50,0.1,0.05,0.41391184573002754,239,0.03765690376569038,5.829268292682927,0.0
1453,549.1,18,0.05,1,50,0.1,0.05,0.41431520991052995,19,0.05263157894736842,1.3571428571428572,0.0
1454,786.9999999999997,60,0.05,1,50,0.1,0.05,0.41471801925722146,61,0.0,1.0517241379310345,0.0
1455,738.6499999999996,127,0.05,1,50,0.1,0.05,0.41512027491408937,128,0.03125,1.9692307692307693,34.986541748046875
1456,598.6,28,0.05,1,50,0.1,0.05,0.41552197802197804,29,0.034482758620689655,1.45,0.0
1457,790.2499999999995,95,0.05,1,50,0.1,0.05,0.41592312971859985,96,0.010416666666666666,1.5238095238095237,0.0
1458,-100,1,0.05,0,50,0.1,0.05,0.4156378600823045,1,0.0,0.017857142857142856,0.0
1459,676.3999999999997,72,0.05,1,50,0.1,0.05,0.4160383824537354,73,0.0136986301369863,1.825,0.0
1460,623.6500000000001,27,0.05,1,50,0.1,0.05,0.41643835616438357,28,0.0,1.12,30.733036041259766
1461,603.75,25,0.05,1,50,0.1,0.05,0.41683778234086244,26,0.038461538461538464,1.04,0.0
1462,518.6499999999999,127,0.05,1,50,0.1,0.05,0.4172366621067031,128,0.0078125,14.222222222222221,0.0
1463,-80.90000000000015,219,0.05,0,50,0.1,0.05,0.4169514695830485,219,0.0,5.093023255813954,0.0
1464,791.0499999999997,79,0.05,1,50,0.1,0.05,0.4173497267759563,80,0.0125,1.2698412698412698,0.0
1465,549.1,18,0.05,1,50,0.1,0.05,0.41774744027303756,19,0.0,1.9,23.569610595703125
1466,625.0000000000001,100,0.05,1,50,0.1,0.05,0.41814461118690316,101,0.009900990099009901,3.3666666666666667,0.0
1467,616.5000000000001,70,0.05,1,50,0.1,0.05,0.4185412406271302,71,0.0,2.9583333333333335,0.0
1468,755.8999999999997,82,0.05,1,50,0.1,0.05,0.4189373297002725,83,0.024096385542168676,1.3833333333333333,0.0
1469,-106.14999999999999,24,0.05,0,50,0.1,0.05,0.4186521443158611,24,0.0,4.0,0.0
1470,67.39999999999975,53,0.05,0,50,0.1,0.05,0.41836734693877553,53,0.0,1.358974358974359,31.363866806030273
1471,334.9999999999981,300,0.05,0,50,0.1,0.05,0.41808293677770225,301,0.006644518272425249,3.7160493827160495,0.0
1472,-49.149999999999785,84,0.05,0,50,0.1,0.05,0.41779891304347827,84,0.0,1.3548387096774193,0.0
1473,114.99999999999906,300,0.05,0,50,0.1,0.05,0.4175152749490835,301,0.0033222591362126247,9.121212121212121,0.0
1474,781.6499999999996,67,0.05,1,50,0.1,0.05,0.417910447761194,68,0.029411764705882353,1.0461538461538462,0.0
1475,637.9000000000001,42,0.05,1,50,0.1,0.05,0.4183050847457627,43,0.0,1.5357142857142858,21.826038360595703
1476,554.45,11,0.05,1,50,0.1,0.05,0.4186991869918699,12,0.0,1.0909090909090908,0.0
1477,514.15,17,0.05,1,50,0.1,0.05,0.41909275558564657,18,0.05555555555555555,6.0,0.0
1478,642.2499999999999,55,0.05,1,50,0.1,0.05,0.41948579161028415,56,0.017857142857142856,1.696969696969697,0.0
1479,544.55,9,0.05,1,50,0.1,0.05,0.4198782961460446,10,0.0,1.1111111111111112,0.0
1480,638.4000000000001,32,0.05,1,50,0.1,0.05,0.42027027027027025,33,0.0,1.1785714285714286,15.316649436950684
1481,-86.35,28,0.05,0,50,0.1,0.05,0.4199864956110736,28,0.0,4.666666666666667,0.0
1482,547.3,54,0.05,1,50,0.1,0.05,0.4203778677462888,55,0.0,5.5,0.0
1483,660.5499999999994,89,0.05,1,50,0.1,0.05,0.4207687120701281,90,0.011111111111111112,2.4324324324324325,0.0
1484,543.45,31,0.05,1,50,0.1,0.05,0.4211590296495957,32,0.0,3.5555555555555554,0.0
1485,85.00000000000082,300,0.05,0,50,0.1,0.05,0.4208754208754209,301,0.0,6.02,30.0113468170166
1486,534.5999999999999,108,0.05,1,50,0.1,0.05,0.42126514131897713,109,0.0,13.625,0.0
1487,649.7499999999992,105,0.05,1,50,0.1,0.05,0.42165433759246806,106,0.009433962264150943,3.0285714285714285,0.0
1488,823.1999999999994,136,0.05,1,50,0.1,0.05,0.4220430107526882,137,0.0072992700729927005,1.957142857142857,0.0
1489,681.2499999999995,75,0.05,1,50,0.1,0.05,0.42243116185359303,76,0.039473684210526314,1.5510204081632653,0.0
1490,549.3,14,0.05,1,50,0.1,0.05,0.4228187919463087,15,0.0,1.5,19.33443260192871
1491,690.6499999999971,287,0.05,1,50,0.1,0.05,0.4232059020791415,288,0.003472222222222222,6.4,0.0
1492,823.2999999999993,134,0.05,1,50,0.1,0.05,0.42359249329758714,135,0.007407407407407408,1.9285714285714286,0.0
1493,-55.94999999999997,20,0.05,0,50,0.1,0.05,0.4233087742799732,20,0.0,1.8181818181818181,0.0
1494,-105.85,18,0.05,0,50,0.1,0.05,0.42302543507362783,18,0.0,1.3846153846153846,0.0
1495,633.5500000000001,29,0.05,1,50,0.1,0.05,0.4234113712374582,30,0.0,1.1111111111111112,18.168691635131836
1496,625.6000000000007,288,0.05,1,50,0.1,0.05,0.42379679144385024,289,0.0,10.321428571428571,0.0
1497,831.5499999999996,69,0.05,1,50,0.1,0.05,0.4241816967267869,70,0.0,1.044776119402985,0.0
1498,90.84999999999798,284,0.05,0,50,0.1,0.05,0.42389853137516686,284,0.0,5.916666666666667,0.0
1499,-57.64999999999988,54,0.05,0,50,0.1,0.05,0.42361574382921946,54,0.018518518518518517,1.7419354838709677,0.0
1500,616.9000000000001,62,0.05,1,50,0.1,0.05,0.424,63,0.0,2.625,30.934879302978516
1501,785.2999999999997,94,0.05,1,50,0.1,0.05,0.42438374417055297,95,0.0,1.6379310344827587,0.0
1502,47.999999999999915,41,0.05,0,50,0.1,0.05,0.4241011984021305,41,0.0,0.7592592592592593,0.0
1503,503.55,29,0.05,1,50,0.1,0.05,0.4244843646041251,30,0.0,30.0,0.0
1504,65.00000000000082,300,0.05,0,50,0.1,0.05,0.4242021276595745,301,0.0,9.709677419354838,0.0
1505,692.8499999999999,43,0.05,1,50,0.1,0.05,0.4245847176079734,44,0.0,1.1282051282051282,48.81684112548828
1506,650.9499999999972,281,0.05,1,50,0.1,0.05,0.4249667994687915,282,0.0,8.545454545454545,0.0
1507,697.4999999999999,50,0.05,1,50,0.1,0.05,0.42534837425348376,51,0.0,1.275,0.0
1508,609.9500000000003,101,0.05,1,50,0.1,0.05,0.42572944297082227,102,0.0,4.434782608695652,0.0
1509,679.1999999999979,216,0.05,1,50,0.1,0.05,0.42611000662690524,217,0.009216589861751152,4.717391304347826,0.0
1510,75.00000000000004,300,0.05,0,50,0.1,0.05,0.42582781456953644,301,0.0,14.333333333333334,36.2872428894043
1511,726.7999999999975,264,0.05,1,50,0.1,0.05,0.4262078093977498,265,0.011320754716981131,4.416666666666667,0.0
1512,509.3,14,0.05,1,50,0.1,0.05,0.42658730158730157,15,0.0,7.5,0.0
1513,618.6,28,0.05,1,50,0.1,0.05,0.42696629213483145,29,0.034482758620689655,1.0357142857142858,0.0
1514,65.00000000000082,300,0.05,0,50,0.1,0.05,0.42668428005284015,301,0.009966777408637873,7.341463414634147,0.0
1515,544.45,11,0.05,1,50,0.1,0.05,0.4270627062706271,12,0.0,1.3333333333333333,11.265899658203125
1516,-61.74999999999973,136,0.05,0,50,0.1,0.05,0.4267810026385224,136,0.0,12.363636363636363,0.0
1517,566.3000000000002,74,0.05,1,50,0.1,0.05,0.42715886618325644,75,0.0,5.357142857142857,0.0
1518,652.5499999999997,49,0.05,1,50,0.1,0.05,0.427536231884058,50,0.02,1.6129032258064515,0.0
1519,665.9500000000003,181,0.05,1,50,0.1,0.05,0.4279131007241606,182,0.005494505494505495,4.666666666666667,0.0
1520,831.3499999999995,73,0.05,1,50,0.1,0.05,0.42828947368421055,74,0.0,1.1044776119402986,46.294593811035156
1521,544.45,11,0.05,1,50,0.1,0.05,0.4286653517422748,12,0.0,1.3333333333333333,0.0
1522,707.6999999999998,46,0.05,1,50,0.1,0.05,0.4290407358738502,47,0.0,1.119047619047619,0.0
1523,559.3,14,0.05,1,50,0.1,0.05,0.4294156270518713,15,0.0,1.25,0.0
1524,658.4,32,0.05,1,50,0.1,0.05,0.42979002624671914,33,0.0,1.03125,0.0
1525,112.79999999999879,145,0.05,0,50,0.1,0.05,0.42950819672131146,145,0.0,2.5892857142857144,19.957983016967773
1526,-90.8,17,0.05,0,50,0.1,0.05,0.4292267365661861,17,0.0,0.26153846153846155,0.0
1527,561.95,61,0.05,1,50,0.1,0.05,0.42960052390307796,62,0.04838709677419355,2.48,0.0
1528,592.5500000000001,49,0.05,1,50,0.1,0.05,0.42997382198952877,50,0.0,2.6315789473684212,0.0
1529,74.9999999999976,300,0.05,0,50,0.1,0.05,0.4296926095487247,301,0.013289036544850499,7.717948717948718,0.0
1530,-200,243,0.05,0,50,0.1,0.05,0.4294117647058823,243,0.2839506172839506,5.651162790697675,12.189711570739746
1531,654.1,118,0.05,1,50,0.1,0.05,0.42978445460483344,119,0.0,3.71875,0.0
1532,734.3999999999991,112,0.05,1,50,0.1,0.05,0.4301566579634465,113,0.008849557522123894,2.173076923076923,0.0
1533,45.00000000000011,300,0.05,0,50,0.1,0.05,0.4298760600130463,301,0.0,7.525,0.0
1534,-134.0,81,0.05,0,50,0.1,0.05,0.42959582790091266,81,0.0,2.025,0.0
1535,574.25,15,0.05,1,50,0.1,0.05,0.42996742671009774,16,0.0,1.0666666666666667,20.864593505859375
1536,671.35,73,0.05,1,50,0.1,0.05,0.4303385416666667,74,0.0,2.1142857142857143,0.0
1537,509.3,14,0.05,1,50,0.1,0.05,0.43070917371502926,15,0.0,7.5,0.0
1538,45.000000000000476,300,0.05,0,50,0.1,0.05,0.4304291287386216,301,0.0,20.066666666666666,0.0
1539,564.15,17,0.05,1,50,0.1,0.05,0.43079922027290446,18,0.0,1.3846153846153846,0.0
1540,707.4499999999987,151,0.05,1,50,0.1,0.05,0.43116883116883115,152,0.0,3.5348837209302326,16.951778411865234
1541,820.8999999999983,182,0.05,1,50,0.1,0.05,0.4315379623621025,183,0.00546448087431694,2.6142857142857143,0.0
1542,65.00000000000082,300,0.05,0,50,0.1,0.05,0.43125810635538264,301,0.0,9.709677419354838,0.0
1543,-200,300,0.05,0,50,0.1,0.05,0.4309786130913804,301,0.16943521594684385,5.101694915254237,0.0
1544,568.7,26,0.05,1,50,0.1,0.05,0.43134715025906734,27,0.0,1.9285714285714286,0.0
1545,720.4499999999994,91,0.05,1,50,0.1,0.05,0.43171521035598703,92,0.010869565217391304,1.8775510204081634,26.644407272338867
1546,520.5999999999999,188,0.05,1,50,0.1,0.05,0.4320827943078913,189,0.037037037037037035,5.5588235294117645,0.0
1547,638.4,232,0.05,1,50,0.1,0.05,0.43244990303813835,233,0.0,7.766666666666667,0.0
1548,544.55,9,0.05,1,50,0.1,0.05,0.43281653746770027,10,0.0,1.1111111111111112,0.0
1549,-33.349999999999554,168,0.05,0,50,0.1,0.05,0.4325371207230471,168,0.0,2.847457627118644,0.0
1550,582.25,55,0.05,1,50,0.1,0.05,0.43290322580645163,56,0.0,3.2941176470588234,48.910430908203125
1551,539.1,18,0.05,1,50,0.1,0.05,0.4332688588007737,19,0.0,2.375,0.0
1552,596.4,72,0.05,1,50,0.1,0.05,0.4336340206185567,73,0.0410958904109589,2.28125,0.0
1553,657.0999999999995,258,0.05,1,50,0.1,0.05,0.4339987121699936,259,0.011583011583011582,5.630434782608695,0.0
1554,549.1,18,0.05,1,50,0.1,0.05,0.4343629343629344,19,0.0,1.9,0.0
1555,727.3999999999997,52,0.05,1,50,0.1,0.05,0.4347266881028939,53,0.0,1.1521739130434783,10.214350700378418
1556,114.99999999999883,300,0.05,0,50,0.1,0.05,0.43444730077120824,301,0.016611295681063124,6.142857142857143,0.0
1557,672.3499999999999,53,0.05,1,50,0.1,0.05,0.43481053307642903,54,0.037037037037037035,1.255813953488372,0.0
1558,559.4,12,0.05,1,50,0.1,0.05,0.43517329910141206,13,0.0,1.0833333333333333,0.0
1559,-71.6,33,0.05,0,50,0.1,0.05,0.43489416292495187,33,0.0,0.825,0.0
1560,651.5500000000001,69,0.05,1,50,0.1,0.05,0.43525641025641026,70,0.0,2.2580645161290325,23.051376342773438
1561,549.0,20,0.05,1,50,0.1,0.05,0.4356181934657271,21,0.047619047619047616,1.5,0.0
1562,14.99999999999999,300,0.05,0,50,0.1,0.05,0.4353393085787452,301,0.0,8.36111111111111,0.0
1563,106.14999999999836,178,0.05,0,50,0.1,0.05,0.4350607805502239,178,0.0056179775280898875,3.1785714285714284,0.0
1564,-4.999999999999976,300,0.05,0,50,0.1,0.05,0.43478260869565216,301,0.009966777408637873,5.472727272727273,0.0
1565,544.55,9,0.05,1,50,0.1,0.05,0.4351437699680511,10,0.0,1.1111111111111112,55.548973083496094
1566,660.6499999999994,87,0.05,1,50,0.1,0.05,0.4355044699872286,88,0.0,2.6666666666666665,0.0
1567,613.75,25,0.05,1,50,0.1,0.05,0.4358647096362476,26,0.0,1.1304347826086956,0.0
1568,662.9999999999991,140,0.05,1,50,0.1,0.05,0.4362244897959184,141,0.0,4.147058823529412,0.0
1569,-200,300,0.05,0,50,0.1,0.05,0.4359464627151052,301,0.14950166112956811,5.375,0.0
1570,574.15,17,0.05,1,50,0.1,0.05,0.43630573248407645,18,0.0,1.2,27.43901824951172
1571,-77.54999999999998,52,0.05,0,50,0.1,0.05,0.43602800763844685,52,0.0,1.1304347826086956,0.0
1572,580.75,85,0.05,1,50,0.1,0.05,0.43638676844783714,86,0.0,5.0588235294117645,0.0
1573,653.45,31,0.05,1,50,0.1,0.05,0.43674507310870947,32,0.03125,1.032258064516129,0.0
1574,638.5,30,0.05,1,50,0.1,0.05,0.4371029224904701,31,0.0,1.1071428571428572,0.0
1575,593.45,31,0.05,1,50,0.1,0.05,0.43746031746031744,32,0.0,1.6842105263157894,15.087849617004395
1576,752.5999999999992,148,0.05,1,50,0.1,0.05,0.43781725888324874,149,0.013422818791946308,2.4833333333333334,0.0
1577,603.45,31,0.05,1,50,0.1,0.05,0.43817374762206723,32,0.03125,1.28,0.0
1578,760.1999999999995,196,0.05,1,50,0.1,0.05,0.4385297845373891,197,0.005076142131979695,3.396551724137931,0.0
1579,614.8000000000003,104,0.05,1,50,0.1,0.05,0.4388853704876504,105,0.0,4.375,0.0
1580,896.4499999999985,171,0.05,1,50,0.1,0.05,0.43924050632911393,172,0.0,2.123456790123457,10.026620864868164
1581,725.2999999999993,94,0.05,1,50,0.1,0.05,0.439595192915876,95,0.0,2.0652173913043477,0.0
1582,820.9499999999994,81,0.05,1,50,0.1,0.05,0.43994943109987356,82,0.0,1.2615384615384615,0.0
1583,771.9499999999997,61,0.05,1,50,0.1,0.05,0.4403032217308907,62,0.0,1.1272727272727272,0.0
1584,-100,1,0.05,0,50,0.1,0.05,0.44002525252525254,1,0.0,0.125,0.0
1585,35.00000000000057,300,0.05,0,50,0.1,0.05,0.43974763406940065,301,0.029900332225913623,6.142857142857143,22.58225440979004
1586,154.99999999999693,300,0.05,0,50,0.1,0.05,0.4394703656998739,301,0.009966777408637873,6.404255319148936,0.0
1587,492.04999999999995,259,0.05,1,50,0.1,0.05,0.43982356647763077,260,0.0038461538461538464,52.0,0.0
1588,773.8999999999991,122,0.05,1,50,0.1,0.05,0.44017632241813603,123,0.008130081300813009,2.05,0.0
1589,618.4000000000001,32,0.05,1,50,0.1,0.05,0.44052863436123346,33,0.0,1.375,0.0
1590,591.6999999999997,166,0.05,1,50,0.1,0.05,0.4408805031446541,167,0.023952095808383235,4.638888888888889,10.712852478027344
1591,585.3000000000002,94,0.05,1,50,0.1,0.05,0.44123192960402263,95,0.0,5.277777777777778,0.0
1592,623.35,33,0.05,1,50,0.1,0.05,0.4415829145728643,34,0.029411764705882353,1.1724137931034482,0.0
1593,669.3499999999998,113,0.05,1,50,0.1,0.05,0.44193345888261143,114,0.008771929824561403,2.923076923076923,0.0
1594,618.7,26,0.05,1,50,0.1,0.05,0.44228356336260977,27,0.0,1.125,0.0
1595,652.8499999999999,43,0.05,1,50,0.1,0.05,0.4426332288401254,44,0.0,1.4193548387096775,6.198555946350098
1596,663.3499999999987,233,0.05,1,50,0.1,0.05,0.44298245614035087,234,0.0,6.685714285714286,0.0
1597,583.75,25,0.05,1,50,0.1,0.05,0.443331246086412,26,0.0,1.5294117647058822,0.0
1598,-13.099999999999852,63,0.05,0,50,0.1,0.05,0.4430538172715895,63,0.015873015873015872,1.9090909090909092,0.0
1599,622.45,51,0.05,1,50,0.1,0.05,0.4434021263289556,52,0.0,2.08,0.0
1600,583.85,23,0.05,1,50,0.1,0.05,0.44375,24,0.041666666666666664,1.1428571428571428,28.325286865234375
1601,95.00000000000072,300,0.05,0,50,0.1,0.05,0.443472829481574,301,0.0,12.04,0.0
1602,603.25,35,0.05,1,50,0.1,0.05,0.4438202247191011,36,0.0,1.7142857142857142,0.0
1603,755.7999999999994,84,0.05,1,50,0.1,0.05,0.4441671865252651,85,0.0,1.6346153846153846,0.0
1604,-59.750000000000036,96,0.05,0,50,0.1,0.05,0.44389027431421446,96,0.0,2.742857142857143,0.0
1605,687.9499999999999,141,0.05,1,50,0.1,0.05,0.4442367601246106,142,0.0,3.641025641025641,24.230438232421875
1606,94.99999999999767,300,0.05,0,50,0.1,0.05,0.4439601494396015,301,0.009966777408637873,8.135135135135135,0.0
1607,691.8499999999999,63,0.05,1,50,0.1,0.05,0.44430616054760425,64,0.0,1.641025641025641,0.0
1608,727.5999999999998,48,0.05,1,50,0.1,0.05,0.44465174129353235,49,0.0,1.065217391304348,0.0
1609,603.95,21,0.05,1,50,0.1,0.05,0.4449968924798011,22,0.0,1.0476190476190477,0.0
1610,274.99999999999693,300,0.05,0,50,0.1,0.05,0.44472049689440996,301,0.0,5.016666666666667,33.69293975830078
1611,375.00000000000006,300,0.05,0,50,0.1,0.05,0.4444444444444444,301,0.0,3.7160493827160495,0.0
1612,742.299999999999,154,0.05,1,50,0.1,0.05,0.4447890818858561,155,0.012903225806451613,2.6724137931034484,0.0
1613,-20.799999999999983,17,0.05,0,50,0.1,0.05,0.444513329200248,17,0.0,0.38636363636363635,0.0
1614,-52.94999999999958,160,0.05,0,50,0.1,0.05,0.44423791821561337,160,0.0,3.3333333333333335,0.0
1615,710.7999999999997,184,0.05,1,50,0.1,0.05,0.44458204334365325,185,0.0,4.204545454545454,21.313161849975586
1616,-150.5,11,0.05,0,50,0.1,0.05,0.4443069306930693,11,0.0,0.16923076923076924,0.0
1617,-59.24999999999978,86,0.05,0,50,0.1,0.05,0.4440321583178726,86,0.0,2.388888888888889,0.0
1618,544.55,9,0.05,1,50,0.1,0.05,0.44437577255871447,10,0.0,1.1111111111111112,0.0
1619,646.2,76,0.05,1,50,0.1,0.05,0.44471896232242125,77,0.06493506493506493,1.54,0.0
1620,75.0000000000008,300,0.05,0,50,0.1,0.05,0.4444444444444444,301,0.0,15.05,22.874069213867188
1621,693.5999999999997,128,0.05,1,50,0.1,0.05,0.4447871684145589,129,0.0,3.225,0.0
1622,543.95,21,0.05,1,50,0.1,0.05,0.44512946979038226,22,0.0,2.4444444444444446,0.0
1623,509.9,2,0.05,1,50,0.1,0.05,0.4454713493530499,3,0.0,1.5,0.0
1624,-97.05,42,0.05,0,50,0.1,0.05,0.44519704433497537,42,0.0,3.5,0.0
1625,728.649999999999,127,0.05,1,50,0.1,0.05,0.44553846153846155,128,0.0,2.723404255319149,21.535499572753906
1626,-75.00000000000202,300,0.05,0,50,0.1,0.05,0.44526445264452646,301,0.04983388704318937,6.142857142857143,0.0
1627,593.95,21,0.05,1,50,0.1,0.05,0.44560540872771975,22,0.0,1.1578947368421053,0.0
1628,224.999999999999,300,0.05,0,50,0.1,0.05,0.4453316953316953,301,0.0033222591362126247,5.472727272727273,0.0
1629,61.24999999999952,76,0.05,0,50,0.1,0.05,0.44505831798649476,76,0.0,1.6521739130434783,0.0
1630,95.00000000000082,300,0.05,0,50,0.1,0.05,0.4447852760736196,301,0.0,12.04,27.32834243774414
1631,618.8000000000001,24,0.05,1,50,0.1,0.05,0.4451256897608829,25,0.0,1.0416666666666667,0.0
1632,524.4499999999999,11,0.05,1,50,0.1,0.05,0.44546568627450983,12,0.0,2.4,0.0
1633,636.1000000000001,78,0.05,1,50,0.1,0.05,0.44580526638089407,79,0.02531645569620253,2.1944444444444446,0.0
1634,583.25,35,0.05,1,50,0.1,0.05,0.44614443084455324,36,0.0,2.1176470588235294,0.0
1635,95.00000000000082,300,0.05,0,50,0.1,0.05,0.44587155963302755,301,0.0,9.121212121212121,25.923221588134766
1636,154.99999999999793,300,0.05,0,50,0.1,0.05,0.44559902200489,301,0.0,7.717948717948718,0.0
1637,679.6499999999992,107,0.05,1,50,0.1,0.05,0.44593769089798413,108,0.0,2.918918918918919,0.0
1638,574.15,17,0.05,1,50,0.1,0.05,0.4462759462759463,18,0.0,1.2,0.0
1639,652.35,53,0.05,1,50,0.1,0.05,0.4466137888956681,54,0.0,1.7419354838709677,0.0
1640,-62.999999999999865,61,0.05,0,50,0.1,0.05,0.44634146341463415,61,0.0,0.9838709677419355,9.326183319091797
1641,560.2500000000002,95,0.05,1,50,0.1,0.05,0.4466788543570993,96,0.0,7.384615384615385,0.0
1642,752.2499999999998,55,0.05,1,50,0.1,0.05,0.4470158343483557,56,0.017857142857142856,1.018181818181818,0.0
1643,821.0499999999996,79,0.05,1,50,0.1,0.05,0.44735240413877053,80,0.0,1.2307692307692308,0.0
1644,569.2,16,0.05,1,50,0.1,0.05,0.44768856447688565,17,0.0,1.2142857142857142,0.0
1645,695.8999999999997,282,0.05,1,50,0.1,0.05,0.4480243161094225,283,0.007067137809187279,5.66,16.11326789855957
1646,668.1000000000001,238,0.05,1,50,0.1,0.05,0.44835965978128794,239,0.0,6.638888888888889,0.0
1647,622.45,51,0.05,1,50,0.1,0.05,0.44869459623557983,52,0.019230769230769232,1.793103448275862,0.0
1648,556.2500000000005,175,0.05,1,50,0.1,0.05,0.44902912621359226,176,0.005681818181818182,10.352941176470589,0.0
1649,264.99999999999693,300,0.05,0,50,0.1,0.05,0.4487568223165555,301,0.0,5.101694915254237,0.0
1650,-65.40000000000002,109,0.05,0,50,0.1,0.05,0.4484848484848485,109,0.0,2.658536585365854,17.36893081665039
1651,661.9499999999997,61,0.05,1,50,0.1,0.05,0.44881889763779526,62,0.016129032258064516,1.878787878787879,0.0
1652,516.4,72,0.05,1,50,0.1,0.05,0.4491525423728814,73,0.0,18.25,0.0
1653,-200,236,0.05,0,50,0.1,0.05,0.44888082274652147,236,0.06779661016949153,7.612903225806452,0.0
1654,598.7,26,0.05,1,50,0.1,0.05,0.4492140266021765,27,0.037037037037037035,1.35,0.0
1655,712.7499999999999,45,0.05,1,50,0.1,0.05,0.44954682779456195,46,0.021739130434782608,1.069767441860465,18.170167922973633
1656,623.25,35,0.05,1,50,0.1,0.05,0.4498792270531401,36,0.0,1.44,0.0
1657,35.00000000000039,300,0.05,0,50,0.1,0.05,0.4496077248038624,301,0.0,27.363636363636363,0.0
1658,144.99999999999693,300,0.05,0,50,0.1,0.05,0.44933655006031364,301,0.009966777408637873,6.142857142857143,0.0
1659,569.2,16,0.05,1,50,0.1,0.05,0.4496684749849307,17,0.0,1.2142857142857142,0.0
1660,730.1999999999991,196,0.05,1,50,0.1,0.05,0.45,197,0.005076142131979695,3.7884615384615383,20.185619354248047
1661,280.4999999999984,190,0.05,1,50,0.1,0.05,0.4503311258278146,191,0.09947643979057591,5.617647058823529,0.0
1662,809.7499999999993,105,0.05,1,50,0.1,0.05,0.450661853188929,106,0.009433962264150943,1.5820895522388059,0.0
1663,640.2500000000001,95,0.05,1,50,0.1,0.05,0.45099218280216474,96,0.020833333333333332,2.5945945945945947,0.0
1664,75.00000000000061,300,0.05,0,50,0.1,0.05,0.45072115384615385,301,0.0,8.852941176470589,0.0
1665,668.8499999999997,123,0.05,1,50,0.1,0.05,0.45105105105105103,124,0.0,3.5428571428571427,38.70191192626953
1666,621.3500000000001,73,0.05,1,50,0.1,0.05,0.45138055222088835,74,0.0,2.96,0.0
1667,702.1499999999997,57,0.05,1,50,0.1,0.05,0.4517096580683863,58,0.0,1.4146341463414633,0.0
1668,563.0500000000001,39,0.05,1,50,0.1,0.05,0.4520383693045564,40,0.0,3.076923076923077,0.0
1669,15.0,300,0.05,0,50,0.1,0.05,0.4517675254643499,301,0.016611295681063124,10.033333333333333,0.0
1670,589.0,20,0.05,1,50,0.1,0.05,0.45209580838323354,21,0.0,1.1666666666666667,40.334022521972656
1671,623.35,33,0.05,1,50,0.1,0.05,0.4524236983842011,34,0.029411764705882353,1.1724137931034482,0.0
1672,-21.79999999999994,37,0.05,0,50,0.1,0.05,0.45215311004784686,37,0.02702702702702703,0.74,0.0
1673,677.8,44,0.05,1,50,0.1,0.05,0.452480573819486,45,0.0,1.25,0.0
1674,75.00000000000082,300,0.05,0,50,0.1,0.05,0.45221027479091996,301,0.0033222591362126247,9.121212121212121,0.0
1675,680.7499999999998,85,0.05,1,50,0.1,0.05,0.4525373134328358,86,0.0,2.324324324324324,17.828269958496094
1676,588.9,22,0.05,1,50,0.1,0.05,0.4528639618138425,23,0.0,1.2777777777777777,0.0
1677,729.8499999999993,103,0.05,1,50,0.1,0.05,0.4531902206320811,104,0.0,2.2127659574468086,0.0
1678,254.9999999999984,300,0.05,0,50,0.1,0.05,0.45292014302741357,301,0.0,5.189655172413793,0.0
1679,643.05,39,0.05,1,50,0.1,0.05,0.4532459797498511,40,0.025,1.2121212121212122,0.0
1680,536.3,74,0.05,1,50,0.1,0.05,0.45357142857142857,75,0.0,9.375,31.51871109008789
1681,829.1499999999992,117,0.05,1,50,0.1,0.05,0.453896490184414,118,0.0,1.7611940298507462,0.0
1682,519.8,4,0.05,1,50,0.1,0.05,0.45422116527942924,5,0.0,1.25,0.0
1683,548.0500000000003,139,0.05,1,50,0.1,0.05,0.45454545454545453,140,0.007142857142857143,9.333333333333334,0.0
1684,618.7,26,0.05,1,50,0.1,0.05,0.45486935866983375,27,0.0,1.125,0.0
1685,694.3,114,0.05,1,50,0.1,0.05,0.45519287833827893,115,0.0,2.875,19.037057876586914
1686,274.999999999997,300,0.05,0,50,0.1,0.05,0.45492289442467376,301,0.0,5.016666666666667,0.0
1687,15.000000000000167,300,0.05,0,50,0.1,0.05,0.45465323058684054,301,0.0033222591362126247,6.688888888888889,0.0
1688,-68.60000000000049,173,0.05,0,50,0.1,0.05,0.4543838862559242,173,0.03468208092485549,4.023255813953488,0.0
1689,663.3499999999999,33,0.05,1,50,0.1,0.05,0.4547069271758437,34,0.0,1.0303030303030303,0.0
1690,-100,1,0.05,0,50,0.1,0.05,0.4544378698224852,1,0.0,0.017857142857142856,32.872135162353516
1691,672.75,45,0.05,1,50,0.1,0.05,0.4547604967474867,46,0.021739130434782608,1.1794871794871795,0.0
1692,618.8000000000001,24,0.05,1,50,0.1,0.05,0.45508274231678486,25,0.0,1.0416666666666667,0.0
1693,623.75,25,0.05,1,50,0.1,0.05,0.45540460720614295,26,0.0,1.04,0.0
1694,-74.40000000000006,89,0.05,0,50,0.1,0.05,0.4551357733175915,89,0.0,2.78125,0.0
1695,214.99999999999724,300,0.05,0,50,0.1,0.05,0.45486725663716815,301,0.0,6.404255319148936,29.304969787597656
1696,568.6500000000003,127,0.05,1,50,0.1,0.05,0.455188679245283,128,0.0,8.533333333333333,0.0
1697,569.1,18,0.05,1,50,0.1,0.05,0.45550972304066,19,0.0,1.3571428571428572,0.0
1698,710.2499999999993,95,0.05,1,50,0.1,0.05,0.4558303886925795,96,0.0,2.2325581395348837,0.0
1699,564.25,15,0.05,1,50,0.1,0.05,0.45615067686874633,16,0.0,1.2307692307692308,0.0
1700,623.5500000000001,29,0.05,1,50,0.1,0.05,0.45647058823529413,30,0.0,1.2,18.33799934387207
1701,568.8,24,0.05,1,50,0.1,0.05,0.4567901234567901,25,0.0,1.7857142857142858,0.0
1702,618.5,30,0.05,1,50,0.1,0.05,0.4571092831962397,31,0.0,1.2916666666666667,0.0
1703,-14.999999999999975,300,0.05,0,50,0.1,0.05,0.4568408690546095,301,0.0,50.166666666666664,0.0
1704,652.5499999999997,49,0.05,1,50,0.1,0.05,0.45715962441314556,50,0.02,1.6129032258064515,0.0
1705,598.9,22,0.05,1,50,0.1,0.05,0.4574780058651026,23,0.0,1.15,15.555456161499023
1706,-41.34999999999967,128,0.05,0,50,0.1,0.05,0.45720984759671746,128,0.0,8.533333333333333,0.0
1707,-66.35000000000002,28,0.05,0,50,0.1,0.05,0.45694200351493847,28,0.0,1.5555555555555556,0.0
1708,618.8000000000001,24,0.05,1,50,0.1,0.05,0.4572599531615925,25,0.0,1.0416666666666667,0.0
1709,-82.29999999999993,47,0.05,0,50,0.1,0.05,0.4569923932124049,47,0.0,3.6153846153846154,0.0
1710,-37.099999999999625,143,0.05,0,50,0.1,0.05,0.4567251461988304,143,0.0,4.612903225806452,290.3656005859375
1711,807.0499999999987,159,0.05,1,50,0.1,0.05,0.4570426651081239,160,0.0,2.5396825396825395,0.0
1712,-25.000000000000078,300,0.05,0,50,0.1,0.05,0.4567757009345794,301,0.0,50.166666666666664,0.0
1713,797.2999999999975,254,0.05,1,50,0.1,0.05,0.45709281961471104,255,0.00784313725490196,3.642857142857143,0.0
1714,652.5,150,0.05,1,50,0.1,0.05,0.4574095682613769,151,0.0,4.71875,0.0
1715,126.99999999999972,61,0.05,0,50,0.1,0.05,0.45714285714285713,61,0.0,1.0166666666666666,88.36000061035156
1716,270.19999999999817,197,0.05,0,50,0.1,0.05,0.4568764568764569,197,0.005076142131979695,2.402439024390244,0.0
1717,712.0499999999997,59,0.05,1,50,0.1,0.05,0.45719277810133957,60,0.016666666666666666,1.3953488372093024,0.0
1718,655.5999999999999,88,0.05,1,50,0.1,0.05,0.4575087310826543,89,0.0,2.78125,0.0
1719,716.3999999999974,272,0.05,1,50,0.1,0.05,0.45782431646305993,273,0.007326007326007326,5.055555555555555,0.0
1720,-44.999999999999865,300,0.05,0,50,0.1,0.05,0.4575581395348837,301,0.006644518272425249,9.40625,54.84331512451172
1721,524.15,17,0.05,1,50,0.1,0.05,0.4578733294596165,18,0.0,3.6,0.0
1722,503.65,27,0.05,1,50,0.1,0.05,0.45818815331010454,28,0.10714285714285714,2.1538461538461537,0.0
1723,-200,292,0.05,0,50,0.1,0.05,0.4579222286709228,292,0.0410958904109589,9.419354838709678,0.0
1724,559.0,20,0.05,1,50,0.1,0.05,0.4582366589327146,21,0.0,1.75,0.0
1725,569.0000000000006,220,0.05,1,50,0.1,0.05,0.45855072463768115,221,0.004524886877828055,11.05,44.451934814453125
1726,746.3999999999999,72,0.05,1,50,0.1,0.05,0.45886442641946695,73,0.0,1.46,0.0
1727,564.25,15,0.05,1,50,0.1,0.05,0.459177764910249,16,0.0,1.2307692307692308,0.0
1728,522.15,57,0.05,1,50,0.1,0.05,0.45949074074074076,58,0.0,11.6,0.0
1729,-90.3,7,0.05,0,50,0.1,0.05,0.459224985540775,7,0.0,1.1666666666666667,0.0
1730,684.9999999999975,300,0.05,1,50,0.1,0.05,0.4595375722543353,301,0.013289036544850499,5.375,25.14185905456543
1731,544.45,11,0.05,1,50,0.1,0.05,0.45984979780473717,12,0.0,1.3333333333333333,0.0
1732,690.1499999999993,97,0.05,1,50,0.1,0.05,0.46016166281755194,98,0.0,2.5128205128205128,0.0
1733,639.6999999999996,206,0.05,1,50,0.1,0.05,0.4604731679169071,207,0.024154589371980676,4.14,0.0
1734,531.6999999999999,166,0.05,1,50,0.1,0.05,0.46078431372549017,167,0.0,20.875,0.0
1735,95.00000000000082,300,0.05,0,50,0.1,0.05,0.4605187319884726,301,0.0033222591362126247,6.543478260869565,39.02429962158203
1736,503.35,33,0.05,1,50,0.1,0.05,0.4608294930875576,34,0.0,34.0,0.0
1737,588.1,38,0.05,1,50,0.1,0.05,0.46113989637305697,39,0.0,2.1666666666666665,0.0
1738,14.999999999999815,300,0.05,0,50,0.1,0.05,0.4608745684695052,301,0.0,9.40625,0.0
1739,45.000000000000746,300,0.05,0,50,0.1,0.05,0.4606095457159287,301,0.0,23.153846153846153,0.0
1740,683.05,39,0.05,1,50,0.1,0.05,0.46091954022988507,40,0.0,1.0810810810810811,86.7571792602539
1741,771.4499999999997,71,0.05,1,50,0.1,0.05,0.4612291786329696,72,0.013888888888888888,1.2203389830508475,0.0
1742,623.75,25,0.05,1,50,0.1,0.05,0.46153846153846156,26,0.0,1.04,0.0
1743,652.9499999999999,41,0.05,1,50,0.1,0.05,0.46184738955823296,42,0.047619047619047616,1.0769230769230769,0.0
1744,591.3000000000004,174,0.05,1,50,0.1,0.05,0.46215596330275227,175,0.0,8.75,0.0
1745,-38.7999999999996,177,0.05,0,50,0.1,0.05,0.46189111747851,177,0.011299435028248588,5.53125,65.59947204589844
1746,155.0000000000001,300,0.05,0,50,0.1,0.05,0.4616265750286369,301,0.006644518272425249,4.3,0.0
1747,164.9999999999973,300,0.05,0,50,0.1,0.05,0.4613623354321694,301,0.0,7.525,0.0
1748,134.84999999999806,204,0.05,0,50,0.1,0.05,0.4610983981693364,204,0.014705882352941176,3.1384615384615384,0.0
1749,544.45,11,0.05,1,50,0.1,0.05,0.4614065180102916,12,0.0,1.3333333333333333,0.0
1750,-105.0000000000013,300,0.05,0,50,0.1,0.05,0.46114285714285713,301,0.059800664451827246,5.189655172413793,35.44712448120117
1751,662.2499999999975,255,0.05,1,50,0.1,0.05,0.46145059965733864,256,0.0,7.314285714285714,0.0
1752,35.000000000000675,300,0.05,0,50,0.1,0.05,0.4611872146118721,301,0.0033222591362126247,6.543478260869565,0.0
1753,581.45,71,0.05,1,50,0.1,0.05,0.4614945807187678,72,0.0,4.235294117647059,0.0
1754,538.9,222,0.05,1,50,0.1,0.05,0.4618015963511973,223,0.0,22.3,0.0
1755,-75.30000000000054,107,0.05,0,50,0.1,0.05,0.46153846153846156,107,0.11214953271028037,1.9814814814814814,40.22824478149414
1756,101.79999999999848,165,0.05,0,50,0.1,0.05,0.4612756264236902,165,0.012121212121212121,3.0555555555555554,0.0
1757,603.85,23,0.05,1,50,0.1,0.05,0.46158224245873647,24,0.0,1.1428571428571428,0.0
1758,45.000000000000824,300,0.05,0,50,0.1,0.05,0.4613196814562002,301,0.0,15.05,0.0
1759,-114.6999999999999,295,0.05,0,50,0.1,0.05,0.4610574189880614,295,0.010169491525423728,8.676470588235293,0.0
1760,25.000000000000806,300,0.05,0,50,0.1,0.05,0.46079545454545456,301,0.006644518272425249,7.341463414634147,14.908796310424805
1761,45.000000000000554,300,0.05,0,50,0.1,0.05,0.4605337876206701,301,0.0033222591362126247,10.033333333333333,0.0
1762,-5.849999999999412,218,0.05,0,50,0.1,0.05,0.46027241770715094,218,0.0,8.72,0.0
1763,676.3500000000001,173,0.05,1,50,0.1,0.05,0.46057855927396485,174,0.0,4.702702702702703,0.0
1764,682.5499999999998,49,0.05,1,50,0.1,0.05,0.4608843537414966,50,0.0,1.3513513513513513,0.0
1765,565.8000000000008,284,0.05,1,50,0.1,0.05,0.46118980169971674,285,0.0035087719298245615,14.25,14.770487785339355
1766,-68.55000000000004,72,0.05,0,50,0.1,0.05,0.4609286523216308,72,0.041666666666666664,2.4,0.0
1767,518.2,36,0.05,1,50,0.1,0.05,0.46123372948500285,37,0.0,9.25,0.0
1768,688.0499999999988,139,0.05,1,50,0.1,0.05,0.46153846153846156,140,0.0,3.58974358974359,0.0
1769,527.2000000000002,56,0.05,1,50,0.1,0.05,0.46184284906726963,57,0.017543859649122806,5.7,0.0
1770,806.8499999999985,163,0.05,1,50,0.1,0.05,0.46214689265536724,164,0.0,2.6031746031746033,22.054344177246094
1771,767.5499999999987,149,0.05,1,50,0.1,0.05,0.4624505928853755,150,0.013333333333333334,2.380952380952381,0.0
1772,45.00000000000063,300,0.05,0,50,0.1,0.05,0.4621896162528217,301,0.0,5.375,0.0
1773,-116.5,131,0.05,0,50,0.1,0.05,0.4619289340101523,131,0.0,21.833333333333332,0.0
1774,724.0499999999987,219,0.05,1,50,0.1,0.05,0.46223224351747466,220,0.0,4.680851063829787,0.0
1775,519.8,4,0.05,1,50,0.1,0.05,0.46253521126760566,5,0.0,1.25,18.613412857055664
1776,95.00000000000082,300,0.05,0,50,0.1,0.05,0.4622747747747748,301,0.0,9.121212121212121,0.0
1777,623.6500000000001,27,0.05,1,50,0.1,0.05,0.4625773776027012,28,0.0,1.12,0.0
1778,677.8,44,0.05,1,50,0.1,0.05,0.4628796400449944,45,0.0,1.25,0.0
1779,808.2499999999989,135,0.05,1,50,0.1,0.05,0.46318156267566046,136,0.0,2.1587301587301586,0.0
1780,589.3500000000003,113,0.05,1,50,0.1,0.05,0.46348314606741575,114,0.008771929824561403,4.956521739130435,25.53626823425293
1781,578.6,28,0.05,1,50,0.1,0.05,0.46378439079169004,29,0.06896551724137931,1.45,0.0
1782,-65.75,16,0.05,0,50,0.1,0.05,0.46352413019079686,16,0.0,0.5,0.0
1783,598.5500000000003,129,0.05,1,50,0.1,0.05,0.4638250140213124,130,0.0,6.190476190476191,0.0
1784,584.15,17,0.05,1,50,0.1,0.05,0.4641255605381166,18,0.0,1.0588235294117647,0.0
1785,123.99999999999898,121,0.05,0,50,0.1,0.05,0.4638655462184874,121,0.008264462809917356,2.240740740740741,10.298076629638672
1786,746.6999999999997,66,0.05,1,50,0.1,0.05,0.4641657334826428,67,0.014925373134328358,1.2407407407407407,0.0
1787,643.8,124,0.05,1,50,0.1,0.05,0.46446558477895916,125,0.0,4.166666666666667,0.0
1788,671.7499999999998,65,0.05,1,50,0.1,0.05,0.46476510067114096,66,0.0,1.8857142857142857,0.0
1789,-36.04999999999997,22,0.05,0,50,0.1,0.05,0.4645053102291783,22,0.0,1.4666666666666666,0.0
1790,795.2999999999997,94,0.05,1,50,0.1,0.05,0.464804469273743,95,0.0,1.5833333333333333,77.1386947631836
1791,-15.000000000000114,300,0.05,0,50,0.1,0.05,0.46454494695700727,301,0.0033222591362126247,9.709677419354838,0.0
1792,525.8,84,0.05,1,50,0.1,0.05,0.46484375,85,0.023529411764705882,6.071428571428571,0.0
1793,740.7999999999986,184,0.05,1,50,0.1,0.05,0.4651422197434467,185,0.010810810810810811,3.189655172413793,0.0
1794,65.00000000000082,300,0.05,0,50,0.1,0.05,0.46488294314381273,301,0.0033222591362126247,7.717948717948718,0.0
1795,284.99999999999704,300,0.05,0,50,0.1,0.05,0.4646239554317549,301,0.006644518272425249,3.6707317073170733,18.421186447143555
1796,641.9499999999999,61,0.05,1,50,0.1,0.05,0.46492204899777284,62,0.0,2.1379310344827585,0.0
1797,564.25,15,0.05,1,50,0.1,0.05,0.46521981079577074,16,0.0,1.2307692307692308,0.0
1798,55.000000000000824,300,0.05,0,50,0.1,0.05,0.4649610678531702,301,0.0,9.709677419354838,0.0
1799,671.75,65,0.05,1,50,0.1,0.05,0.4652584769316287,66,0.0,1.8857142857142857,0.0
1800,546.3000000000006,274,0.05,1,50,0.1,0.05,0.46555555555555556,275,0.0036363636363636364,17.1875,37.926536560058594
1801,-200,300,0.05,0,50,0.1,0.05,0.4652970571904497,301,0.06312292358803986,10.033333333333333,0.0
1802,620.9500000000002,81,0.05,1,50,0.1,0.05,0.4655937846836848,82,0.0,3.28,0.0
1803,549.5,10,0.05,1,50,0.1,0.05,0.46589018302828616,11,0.0,1.1,0.0
1804,524.75,5,0.05,1,50,0.1,0.05,0.4661862527716186,6,0.0,1.2,0.0
1805,-5.000000000000017,300,0.05,0,50,0.1,0.05,0.4659279778393352,301,0.0,25.083333333333332,92.6445083618164
1806,497.09999999999997,58,0.05,1,50,0.1,0.05,0.46622369878183834,59,0.01694915254237288,14.75,0.0
1807,-45.00000000000063,300,0.05,0,50,0.1,0.05,0.4659656889872717,301,0.046511627906976744,5.574074074074074,0.0
1808,672.8499999999999,43,0.05,1,50,0.1,0.05,0.46626106194690264,44,0.0,1.2571428571428571,0.0
1809,687.7499999999986,145,0.05,1,50,0.1,0.05,0.4665561083471531,146,0.0,3.7435897435897436,0.0
1810,-46.04999999999997,22,0.05,0,50,0.1,0.05,0.4662983425414365,22,0.0,0.7333333333333333,70.881103515625
1811,699.85,103,0.05,1,50,0.1,0.05,0.46659304251794587,104,0.0,2.5365853658536586,0.0
1812,667.2500000000002,155,0.05,1,50,0.1,0.05,0.46688741721854304,156,0.0,4.457142857142857,0.0
1813,583.65,27,0.05,1,50,0.1,0.05,0.4671814671814672,28,0.0,1.6470588235294117,0.0
1814,8.250000000000199,136,0.05,0,50,0.1,0.05,0.4669239250275634,136,0.007352941176470588,2.7755102040816326,0.0
1815,667.2499999999994,155,0.05,1,50,0.1,0.05,0.4672176308539945,156,0.00641025641025641,4.0,23.721267700195312
1816,-91.30000000000001,27,0.05,0,50,0.1,0.05,0.4669603524229075,27,0.0,3.0,0.0
1817,738.0999999999977,238,0.05,1,50,0.1,0.05,0.46725371491469453,239,0.0041841004184100415,4.425925925925926,0.0
1818,614.7000000000002,106,0.05,1,50,0.1,0.05,0.4675467546754675,107,0.0,4.458333333333333,0.0
1819,45.00000000000081,300,0.05,0,50,0.1,0.05,0.4672897196261682,301,0.0033222591362126247,9.709677419354838,0.0
1820,65.00000000000082,300,0.05,0,50,0.1,0.05,0.46703296703296704,301,0.0033222591362126247,14.333333333333334,22.634109497070312
1821,823.9999999999993,120,0.05,1,50,0.1,0.05,0.4673256452498627,121,0.008264462809917356,1.7285714285714286,0.0
1822,791.5499999999996,69,0.05,1,50,0.1,0.05,0.4676180021953897,70,0.0,1.1864406779661016,0.0
1823,583.25,35,0.05,1,50,0.1,0.05,0.46791003839824463,36,0.0,2.1176470588235294,0.0
1824,45.00000000000078,300,0.05,0,50,0.1,0.05,0.46765350877192985,301,0.0,10.033333333333333,0.0
1825,3.2500000000006395,236,0.05,0,50,0.1,0.05,0.4673972602739726,236,0.0,9.44,16.03966522216797
1826,669.1499999999996,117,0.05,1,50,0.1,0.05,0.46768893756845564,118,0.00847457627118644,3.0256410256410255,0.0
1827,537.6999999999999,46,0.05,1,50,0.1,0.05,0.46798029556650245,47,0.0,5.875,0.0
1828,639.7500000000002,105,0.05,1,50,0.1,0.05,0.4682713347921225,106,0.0,3.6551724137931036,0.0
1829,-62.0999999999999,43,0.05,0,50,0.1,0.05,0.46801530891197374,43,0.0,0.86,0.0
1830,825.6999999999996,86,0.05,1,50,0.1,0.05,0.46830601092896174,87,0.011494252873563218,1.2428571428571429,32.83143615722656
1831,122.0499999999997,60,0.05,0,50,0.1,0.05,0.4680502457673403,60,0.0,1.0714285714285714,0.0
1832,538.0999999999999,38,0.05,1,50,0.1,0.05,0.4683406113537118,39,0.0,4.875,0.0
1833,583.0500000000001,39,0.05,1,50,0.1,0.05,0.4686306601200218,40,0.0,2.3529411764705883,0.0
1834,534.9999999999999,100,0.05,1,50,0.1,0.05,0.46892039258451473,101,0.0,12.625,0.0
1835,154.999999999997,300,0.05,0,50,0.1,0.05,0.46866485013623976,301,0.0033222591362126247,7.166666666666667,22.297292709350586
1836,623.5500000000001,29,0.05,1,50,0.1,0.05,0.46895424836601307,30,0.03333333333333333,1.0344827586206897,0.0
1837,-100,1,0.05,0,50,0.1,0.05,0.46869896570495373,1,0.0,0.017857142857142856,0.0
1838,792.7999999999993,144,0.05,1,50,0.1,0.05,0.4689880304678999,145,0.0,2.4166666666666665,0.0
1839,544.55,9,0.05,1,50,0.1,0.05,0.4692767808591626,10,0.0,1.1111111111111112,0.0
1840,-25.000000000000004,300,0.05,0,50,0.1,0.05,0.46902173913043477,301,0.006644518272425249,6.840909090909091,25.057079315185547
1841,601.0500000000001,79,0.05,1,50,0.1,0.05,0.4693101575230853,80,0.0,3.8095238095238093,0.0
1842,672.9499999999999,41,0.05,1,50,0.1,0.05,0.46959826275787186,42,0.0,1.2,0.0
1843,864.3999999999992,112,0.05,1,50,0.1,0.05,0.4698860553445469,113,0.017699115044247787,1.3780487804878048,0.0
1844,567.5000000000001,50,0.05,1,50,0.1,0.05,0.470173535791757,51,0.0196078431372549,2.8333333333333335,0.0
1845,544.25,15,0.05,1,50,0.1,0.05,0.4704607046070461,16,0.0,1.7777777777777777,22.447750091552734
1846,776.6999999999996,66,0.05,1,50,0.1,0.05,0.47074756229685805,67,0.014925373134328358,1.1166666666666667,0.0
1847,529.4,12,0.05,1,50,0.1,0.05,0.47103410936654033,13,0.07692307692307693,1.3,0.0
1848,841.9999999999986,160,0.05,1,50,0.1,0.05,0.4713203463203463,161,0.0,2.3,0.0
1849,692.7499999999999,45,0.05,1,50,0.1,0.05,0.4716062736614386,46,0.0,1.1794871794871795,0.0
1850,595.2500000000002,195,0.05,1,50,0.1,0.05,0.4718918918918919,196,0.0,9.333333333333334,23.991092681884766
1851,-77.25000000000003,46,0.05,0,50,0.1,0.05,0.47163695299837927,46,0.0,3.8333333333333335,0.0
1852,564.25,15,0.05,1,50,0.1,0.05,0.4719222462203024,16,0.0,1.2307692307692308,0.0
1853,682.8999999999987,142,0.05,1,50,0.1,0.05,0.47220723151645977,143,0.006993006993006993,3.4047619047619047,0.0
1854,92.34999999999991,54,0.05,0,50,0.1,0.05,0.47195253505933116,54,0.0,0.6585365853658537,0.0
1855,622.6500000000001,47,0.05,1,50,0.1,0.05,0.47223719676549863,48,0.0,1.92,38.97262954711914
1856,692.7499999999983,245,0.05,1,50,0.1,0.05,0.47252155172413796,246,0.0,6.0,0.0
1857,588.4000000000001,32,0.05,1,50,0.1,0.05,0.4728056004308024,33,0.0,1.8333333333333333,0.0
1858,702.6499999999999,47,0.05,1,50,0.1,0.05,0.4730893433799785,48,0.0,1.170731707317073,0.0
1859,826.0999999999995,78,0.05,1,50,0.1,0.05,0.47337278106508873,79,0.012658227848101266,1.1285714285714286,0.0
1860,-14.999999999999957,300,0.05,0,50,0.1,0.05,0.4731182795698925,301,0.009966777408637873,10.033333333333333,49.929325103759766
1861,532.2,156,0.05,1,50,0.1,0.05,0.47340139709833423,157,0.0,19.625,0.0
1862,901.4999999999985,170,0.05,1,50,0.1,0.05,0.47368421052631576,171,0.0,2.0853658536585367,0.0
1863,709.7499999999995,105,0.05,1,50,0.1,0.05,0.47396672034353193,106,0.009433962264150943,2.4651162790697674,0.0
1864,682.1499999999997,57,0.05,1,50,0.1,0.05,0.4742489270386266,58,0.017241379310344827,1.4146341463414633,0.0
1865,697.8999999999999,42,0.05,1,50,0.1,0.05,0.4745308310991957,43,0.0,1.075,50.723724365234375
1866,-200,300,0.05,0,50,0.1,0.05,0.4742765273311897,301,0.07973421926910298,5.788461538461538,0.0
1867,598.9,22,0.05,1,50,0.1,0.05,0.47455811462238884,23,0.0,1.15,0.0
1868,846.0999999999996,78,0.05,1,50,0.1,0.05,0.4748394004282655,79,0.0,1.1285714285714286,0.0
1869,659.3999999999992,212,0.05,1,50,0.1,0.05,0.4751203852327448,213,0.004694835680751174,5.605263157894737,0.0
1870,-34.549999999999486,192,0.05,0,50,0.1,0.05,0.4748663101604278,192,0.0,3.84,31.075742721557617
1871,721.9999999999986,160,0.05,1,50,0.1,0.05,0.4751469802244789,161,0.0,3.5,0.0
1872,35.00000000000075,300,0.05,0,50,0.1,0.05,0.47489316239316237,301,0.009966777408637873,12.541666666666666,0.0
1873,519.8,4,0.05,1,50,0.1,0.05,0.4751735184196476,5,0.0,1.25,0.0
1874,-200,115,0.05,0,50,0.1,0.05,0.47491995731056563,115,0.10434782608695652,4.791666666666667,0.0
1875,534.9499999999999,201,0.05,1,50,0.1,0.05,0.4752,202,0.009900990099009901,11.882352941176471,27.874557495117188
1876,566.9,62,0.05,1,50,0.1,0.05,0.47547974413646055,63,0.0,4.5,0.0
1877,-200,137,0.05,0,50,0.1,0.05,0.47522642514651037,137,0.10218978102189781,2.3620689655172415,0.0
1878,681.6000000000001,168,0.05,1,50,0.1,0.05,0.47550585729499467,169,0.0,4.447368421052632,0.0
1879,-40.64999999999992,114,0.05,0,50,0.1,0.05,0.47525279403938264,114,0.008771929824561403,2.7804878048780486,0.0
1880,567.5000000000001,50,0.05,1,50,0.1,0.05,0.475531914893617,51,0.0,3.642857142857143,60.96674346923828
1881,603.85,23,0.05,1,50,0.1,0.05,0.4758107389686337,24,0.0,1.1428571428571428,0.0
1882,835.3499999999997,193,0.05,1,50,0.1,0.05,0.4760892667375133,194,0.015463917525773196,2.3950617283950617,0.0
1883,667.2500000000001,155,0.05,1,50,0.1,0.05,0.4763674986723314,156,0.0,4.457142857142857,0.0
1884,-95.89999999999998,119,0.05,0,50,0.1,0.05,0.47611464968152867,119,0.0,19.833333333333332,0.0
1885,549.5,10,0.05,1,50,0.1,0.05,0.4763925729442971,11,0.0,1.1,14.418004989624023
1886,184.99999999999716,300,0.05,0,50,0.1,0.05,0.47613997879109227,301,0.0,7.166666666666667,0.0
1887,681.3499999999996,73,0.05,1,50,0.1,0.05,0.4764175940646529,74,0.0,2.0,0.0
1888,544.55,9,0.05,1,50,0.1,0.05,0.4766949152542373,10,0.0,1.1111111111111112,0.0
1889,692.7499999999999,45,0.05,1,50,0.1,0.05,0.47697194282689254,46,0.0,1.1794871794871795,0.0
1890,692.8499999999999,43,0.05,1,50,0.1,0.05,0.47724867724867726,44,0.0,1.1282051282051282,27.86368179321289
1891,603.6500000000001,27,0.05,1,50,0.1,0.05,0.4775251189846642,28,0.0,1.3333333333333333,0.0
1892,564.0500000000001,19,0.05,1,50,0.1,0.05,0.47780126849894294,20,0.0,1.5384615384615385,0.0
1893,587.7,46,0.05,1,50,0.1,0.05,0.4780771262546223,47,0.0,2.611111111111111,0.0
1894,727.3999999999999,52,0.05,1,50,0.1,0.05,0.4783526927138332,53,0.0,1.1521739130434783,0.0
1895,-28.54999999999984,72,0.05,0,50,0.1,0.05,0.47810026385224275,72,0.013888888888888888,2.25,18.170963287353516
1896,539.4,12,0.05,1,50,0.1,0.05,0.47837552742616035,13,0.0,1.625,0.0
1897,705.2499999999998,195,0.05,1,50,0.1,0.05,0.4786505007907222,196,0.0,4.558139534883721,0.0
1898,65.00000000000082,300,0.05,0,50,0.1,0.05,0.47839831401475236,301,0.0,10.75,0.0
1899,621.7500000000001,65,0.05,1,50,0.1,0.05,0.4786729857819905,66,0.0,2.64,0.0
1900,600.2500000000002,95,0.05,1,50,0.1,0.05,0.4789473684210526,96,0.0,4.571428571428571,29.6966552734375
1901,682.8499999999999,43,0.05,1,50,0.1,0.05,0.4792214623882167,44,0.0,1.1891891891891893,0.0
1902,-5.000000000000489,300,0.05,0,50,0.1,0.05,0.47896950578338593,301,0.03322259136212625,5.375,0.0
1903,4.999999999999848,300,0.05,0,50,0.1,0.05,0.47871781397792956,301,0.006644518272425249,11.148148148148149,0.0
1904,164.999999999997,300,0.05,0,50,0.1,0.05,0.47846638655462187,301,0.006644518272425249,5.574074074074074,0.0
1905,673.05,39,0.05,1,50,0.1,0.05,0.47874015748031495,40,0.0,1.1428571428571428,20.234018325805664
1906,576.0000000000002,80,0.05,1,50,0.1,0.05,0.4790136411332634,81,0.0,5.0625,0.0
1907,519.8,4,0.05,1,50,0.1,0.05,0.4792868379653907,5,0.0,1.25,0.0
1908,603.85,23,0.05,1,50,0.1,0.05,0.47955974842767296,24,0.0,1.1428571428571428,0.0
1909,643.55,29,0.05,1,50,0.1,0.05,0.4798323729701414,30,0.0,1.0344827586206897,0.0
1910,569.2,16,0.05,1,50,0.1,0.05,0.4801047120418848,17,0.0,1.2142857142857142,19.177227020263672
1911,661.3499999999999,73,0.05,1,50,0.1,0.05,0.4803767660910518,74,0.013513513513513514,2.242424242424242,0.0
1912,3.050000000000651,240,0.05,0,50,0.1,0.05,0.4801255230125523,240,0.0,9.6,0.0
1913,549.4,12,0.05,1,50,0.1,0.05,0.48039728175640356,13,0.0,1.3,0.0
1914,-81.85,138,0.05,0,50,0.1,0.05,0.48014629049111807,138,0.0,7.666666666666667,0.0
1915,697.8999999999999,42,0.05,1,50,0.1,0.05,0.4804177545691906,43,0.0,1.075,35.522361755371094
1916,-3.699999999999818,75,0.05,0,50,0.1,0.05,0.4801670146137787,75,0.0,3.0,0.0
1917,725.8499999999984,183,0.05,1,50,0.1,0.05,0.48043818466353677,184,0.016304347826086956,3.1186440677966103,0.0
1918,-67.24999999999993,46,0.05,0,50,0.1,0.05,0.4801876955161627,46,0.0,2.0,0.0
1919,674.7000000000002,106,0.05,1,50,0.1,0.05,0.48045857217300675,107,0.0,2.9722222222222223,0.0
1920,569.2,16,0.05,1,50,0.1,0.05,0.48072916666666665,17,0.0,1.2142857142857142,18.330812454223633
1921,569.2,16,0.05,1,50,0.1,0.05,0.4809994794377928,17,0.0,1.2142857142857142,0.0
1922,661.45,71,0.05,1,50,0.1,0.05,0.48126951092611864,72,0.013888888888888888,1.945945945945946,0.0
1923,588.8000000000001,24,0.05,1,50,0.1,0.05,0.48153926157046284,25,0.0,1.3888888888888888,0.0
1924,43.39999999999955,133,0.05,0,50,0.1,0.05,0.4812889812889813,133,0.0,2.891304347826087,0.0
1925,732.2499999999998,55,0.05,1,50,0.1,0.05,0.4815584415584416,56,0.0,1.1914893617021276,20.27712631225586
1926,-54.99999999999916,300,0.05,0,50,0.1,0.05,0.48130841121495327,301,0.016611295681063124,5.375,0.0
1927,691.4499999999996,71,0.05,1,50,0.1,0.05,0.48157758173326415,72,0.0,1.8461538461538463,0.0
1928,623.6500000000001,27,0.05,1,50,0.1,0.05,0.48184647302904565,28,0.0,1.12,0.0
1929,671.1499999999996,77,0.05,1,50,0.1,0.05,0.4821150855365474,78,0.0,2.2285714285714286,0.0
1930,14.999999999999911,300,0.05,0,50,0.1,0.05,0.48186528497409326,301,0.0,25.083333333333332,19.632003784179688
1931,785.5499999999982,189,0.05,1,50,0.1,0.05,0.48213360952874157,190,0.005263157894736842,3.015873015873016,0.0
1932,97.49999999999986,51,0.05,0,50,0.1,0.05,0.48188405797101447,51,0.0196078431372549,1.0851063829787233,0.0
1933,575.8000000000002,84,0.05,1,50,0.1,0.05,0.4821520951888257,85,0.0,5.3125,0.0
1934,409.6000000000005,208,0.05,1,50,0.1,0.05,0.4824198552223371,209,0.0430622009569378,10.45,0.0
1935,554.45,11,0.05,1,50,0.1,0.05,0.482687338501292,12,0.0,1.0909090909090908,53.86908721923828
1936,118.24999999999909,136,0.05,0,50,0.1,0.05,0.4824380165289256,136,0.007352941176470588,2.6153846153846154,0.0
1937,35.000000000000746,300,0.05,0,50,0.1,0.05,0.4821889519876097,301,0.0,10.75,0.0
1938,-4.499999999999773,91,0.05,0,50,0.1,0.05,0.48194014447884415,91,0.02197802197802198,2.4594594594594597,0.0
1939,637.0000000000001,60,0.05,1,50,0.1,0.05,0.482207323362558,61,0.01639344262295082,1.90625,0.0
1940,670.6499999999996,87,0.05,1,50,0.1,0.05,0.4824742268041237,88,0.0,2.5142857142857142,29.944183349609375
1941,95.00000000000082,300,0.05,0,50,0.1,0.05,0.482225656877898,301,0.0,12.04,0.0
1942,824.4999999999991,110,0.05,1,50,0.1,0.05,0.4824922760041195,111,0.009009009009009009,1.5857142857142856,0.0
1943,773.9999999999992,120,0.05,1,50,0.1,0.05,0.4827586206896552,121,0.0,2.1607142857142856,0.0
1944,524.65,7,0.05,1,50,0.1,0.05,0.48302469135802467,8,0.0,1.6,0.0
1945,0.30000000000052296,195,0.05,0,50,0.1,0.05,0.48277634961439586,195,0.0,4.875,30.767637252807617
1946,509.9,2,0.05,1,50,0.1,0.05,0.4830421377183967,3,0.0,1.5,0.0
1947,677.9,42,0.05,1,50,0.1,0.05,0.4833076527991782,43,0.0,1.1944444444444444,0.0
1948,642.3499999999998,53,0.05,1,50,0.1,0.05,0.48357289527720737,54,0.0,1.8620689655172413,0.0
1949,710.6999999999986,186,0.05,1,50,0.1,0.05,0.48383786557208824,187,0.0,4.25,0.0
1950,569.3,14,0.05,1,50,0.1,0.05,0.4841025641025641,15,0.0,1.0714285714285714,14.666802406311035
1951,-47.549999999999315,252,0.05,0,50,0.1,0.05,0.48385443362378266,252,0.007936507936507936,6.3,0.0
1952,519.8,4,0.05,1,50,0.1,0.05,0.48411885245901637,5,0.0,1.25,0.0
1953,562.1500000000001,57,0.05,1,50,0.1,0.05,0.48438300051203276,58,0.0,4.461538461538462,0.0
1954,769.7499999999993,105,0.05,1,50,0.1,0.05,0.48464687819856705,106,0.009433962264150943,1.7966101694915255,0.0
1955,623.6500000000001,27,0.05,1,50,0.1,0.05,0.48491048593350383,28,0.0,1.12,22.928558349609375
1956,564.0500000000001,19,0.05,1,50,0.1,0.05,0.48517382413087934,20,0.0,1.5384615384615385,0.0
1957,658.1,38,0.05,1,50,0.1,0.05,0.4854368932038835,39,0.0,1.21875,0.0
1958,133.04999999999768,240,0.05,0,50,0.1,0.05,0.4851889683350358,240,0.0,4.444444444444445,0.0
1959,85.00000000000082,300,0.05,0,50,0.1,0.05,0.4849412965798877,301,0.0,12.04,0.0
1960,649.7999999999993,204,0.05,1,50,0.1,0.05,0.48520408163265305,205,0.0,6.40625,23.78660774230957
1961,763.8999999999999,122,0.05,1,50,0.1,0.05,0.4854665986741458,123,0.0,2.2777777777777777,0.0
1962,643.45,31,0.05,1,50,0.1,0.05,0.4857288481141692,32,0.0,1.103448275862069,0.0
1963,523.9,122,0.05,1,50,0.1,0.05,0.4859908303616913,123,0.04878048780487805,4.1,0.0
1964,575.0000000000002,100,0.05,1,50,0.1,0.05,0.4862525458248472,101,0.0,6.3125,0.0
1965,509.8,4,0.05,1,50,0.1,0.05,0.4865139949109415,5,0.0,2.5,27.822446823120117
1966,-91.39999999999999,29,0.05,0,50,0.1,0.05,0.4862665310274669,29,0.0,2.230769230769231,0.0
1967,665.9499999999986,181,0.05,1,50,0.1,0.05,0.4865277071682766,182,0.005494505494505495,4.666666666666667,0.0
1968,224.9999999999977,300,0.05,0,50,0.1,0.05,0.48628048780487804,301,0.0033222591362126247,4.630769230769231,0.0
1969,564.25,15,0.05,1,50,0.1,0.05,0.4865413915693245,16,0.0,1.2307692307692308,0.0
1970,662.55,49,0.05,1,50,0.1,0.05,0.4868020304568528,50,0.02,1.5151515151515151,24.017885208129883
1971,598.9,22,0.05,1,50,0.1,0.05,0.487062404870624,23,0.0,1.15,0.0
1972,506.8,64,0.05,1,50,0.1,0.05,0.48732251521298176,65,0.0,32.5,0.0
1973,673.1499999999999,37,0.05,1,50,0.1,0.05,0.4875823618854536,38,0.0,1.0857142857142856,0.0
1974,-100.6,13,0.05,0,50,0.1,0.05,0.48733535967578523,13,0.0,0.6842105263157895,0.0
1975,661.6999999999985,166,0.05,1,50,0.1,0.05,0.4875949367088608,167,0.0,4.911764705882353,14.785101890563965
1976,-25.000000000000156,300,0.05,0,50,0.1,0.05,0.4873481781376518,301,0.0,8.852941176470589,0.0
1977,584.05,19,0.05,1,50,0.1,0.05,0.4876074860900354,20,0.0,1.1764705882352942,0.0
1978,603.95,21,0.05,1,50,0.1,0.05,0.4878665318503539,22,0.0,1.0476190476190477,0.0
1979,769.1499999999996,117,0.05,1,50,0.1,0.05,0.4881253158160687,118,0.00847457627118644,2.0,0.0
1980,653.15,37,0.05,1,50,0.1,0.05,0.48838383838383836,38,0.02631578947368421,1.0857142857142856,20.910690307617188
1981,772.0499999999997,59,0.05,1,50,0.1,0.05,0.48864209994952046,60,0.016666666666666666,1.0169491525423728,0.0
1982,-51.59999999999994,33,0.05,0,50,0.1,0.05,0.4883955600403633,33,0.0,1.1,0.0
1983,579.2,16,0.05,1,50,0.1,0.05,0.4886535552193646,17,0.0,1.0625,0.0
1984,665.5999999999993,88,0.05,1,50,0.1,0.05,0.4889112903225806,89,0.0,2.6176470588235294,0.0
1985,691.2499999999995,75,0.05,1,50,0.1,0.05,0.48916876574307305,76,0.02631578947368421,1.7674418604651163,22.955467224121094
1986,697.6999999999998,46,0.05,1,50,0.1,0.05,0.48942598187311176,47,0.0,1.175,0.0
1987,696.8499999999985,163,0.05,1,50,0.1,0.05,0.48968293910417715,164,0.0,4.0,0.0
1988,569.1,18,0.05,1,50,0.1,0.05,0.48993963782696176,19,0.0,1.3571428571428572,0.0
1989,736.4999999999995,70,0.05,1,50,0.1,0.05,0.49019607843137253,71,0.014084507042253521,1.3653846153846154,0.0
1990,519.8,4,0.05,1,50,0.1,0.05,0.4904522613065327,5,0.0,1.25,18.25214958190918
1991,324.99999999999926,300,0.05,0,50,0.1,0.05,0.49020592667001506,301,0.009966777408637873,3.810126582278481,0.0
1992,184.99999999999693,300,0.05,0,50,0.1,0.05,0.4899598393574297,301,0.006644518272425249,5.574074074074074,0.0
1993,-92.85000000000008,158,0.05,0,50,0.1,0.05,0.4897139989964877,158,0.0,8.777777777777779,0.0
1994,584.15,17,0.05,1,50,0.1,0.05,0.4899699097291876,18,0.0,1.0588235294117647,0.0
1995,646.9999999999989,260,0.05,1,50,0.1,0.05,0.49022556390977445,261,0.0,8.15625,20.066299438476562
1996,657.7500000000002,145,0.05,1,50,0.1,0.05,0.4904809619238477,146,0.0136986301369863,3.5609756097560976,0.0
1997,584.15,17,0.05,1,50,0.1,0.05,0.49073610415623437,18,0.0,1.0588235294117647,0.0
1998,722.0,160,0.05,1,50,0.1,0.05,0.49099099099099097,161,0.006211180124223602,3.22,0.0
1999,621.7500000000001,65,0.05,1,50,0.1,0.05,0.4912456228114057,66,0.0,2.64,0.0
2000,598.8000000000001,24,0.05,1,50,0.1,0.05,0.4915,25,0.0,1.25,10.316937446594238
2001,653.0499999999997,239,0.05,1,50,0.1,0.05,0.4917541229385307,240,0.004166666666666667,6.486486486486487,0.0
2002,-55.449999999999996,10,0.05,0,50,0.1,0.05,0.4915084915084915,10,0.0,0.24390243902439024,0.0
2003,14.999999999999805,300,0.05,0,50,0.1,0.05,0.491263105341987,301,0.0,16.72222222222222,0.0
2004,-31.049999999999685,122,0.05,0,50,0.1,0.05,0.49101796407185627,122,0.0,3.8125,0.0
2005,582.2500000000001,55,0.05,1,50,0.1,0.05,0.4912718204488778,56,0.0,3.2941176470588234,19.7364444732666
2006,5.000000000000004,300,0.05,0,50,0.1,0.05,0.4910269192422732,301,0.0,5.189655172413793,0.0
2007,581.0500000000002,79,0.05,1,50,0.1,0.05,0.49128051818634777,80,0.0,4.705882352941177,0.0
2008,732.6499999999999,47,0.05,1,50,0.1,0.05,0.4915338645418327,48,0.0,1.0212765957446808,0.0
2009,-44.99999999999987,300,0.05,0,50,0.1,0.05,0.4912891986062718,301,0.05647840531561462,4.630769230769231,0.0
2010,524.55,9,0.05,1,50,0.1,0.05,0.49154228855721394,10,0.0,2.0,20.50119400024414
2011,746.8999999999996,62,0.05,1,50,0.1,0.05,0.4917951268025858,63,0.0,1.26,0.0
2012,75.00000000000024,300,0.05,0,50,0.1,0.05,0.4915506958250497,301,0.009966777408637873,6.02,0.0
2013,623.35,33,0.05,1,50,0.1,0.05,0.4918032786885246,34,0.0,1.36,0.0
2014,843.3999999999992,132,0.05,1,50,0.1,0.05,0.49205561072492554,133,0.007518796992481203,1.7972972972972974,0.0
2015,581.0500000000002,79,0.05,1,50,0.1,0.05,0.49230769230769234,80,0.0,4.705882352941177,24.86102294921875
2016,613.45,31,0.05,1,50,0.1,0.05,0.49255952380952384,32,0.0,1.391304347826087,0.0
2017,654.9999999999994,100,0.05,1,50,0.1,0.05,0.4928111056023798,101,0.0,3.15625,0.0
2018,654.7,106,0.05,1,50,0.1,0.05,0.4930624380574827,107,0.0,3.34375,0.0
2019,-35.00000000000007,300,0.05,0,50,0.1,0.05,0.4928182268449728,301,0.009966777408637873,8.852941176470589,0.0
2020,344.999999999997,300,0.05,0,50,0.1,0.05,0.49257425742574257,301,0.006644518272425249,3.6707317073170733,33.382999420166016
2021,753.4999999999989,130,0.05,1,50,0.1,0.05,0.4928253339930727,131,0.0,2.519230769230769,0.0
2022,623.35,33,0.05,1,50,0.1,0.05,0.4930761622156281,34,0.0,1.36,0.0
2023,598.9,22,0.05,1,50,0.1,0.05,0.49332674246169056,23,0.0,1.15,0.0
2024,579.1,18,0.05,1,50,0.1,0.05,0.4935770750988142,19,0.0,1.1875,0.0
2025,539.5,10,0.05,1,50,0.1,0.05,0.49382716049382713,11,0.0,1.375,20.250995635986328
2026,677.8999999999999,42,0.05,1,50,0.1,0.05,0.4940769990128332,43,0.0,1.1944444444444444,0.0
2027,622.85,43,0.05,1,50,0.1,0.05,0.4943265910212136,44,0.0,1.76,0.0
2028,22.7500000000001,46,0.05,0,50,0.1,0.05,0.4940828402366864,46,0.0,1.4375,0.0
2029,508.4,32,0.05,1,50,0.1,0.05,0.49433218334154755,33,0.0,16.5,0.0
2030,773.5999999999989,128,0.05,1,50,0.1,0.05,0.4945812807881773,129,0.0,2.3035714285714284,25.39635467529297
2031,544.35,13,0.05,1,50,0.1,0.05,0.4948301329394387,14,0.07142857142857142,1.0769230769230769,0.0
2032,-91.1,23,0.05,0,50,0.1,0.05,0.49458661417322836,23,0.0,0.5897435897435898,0.0
2033,13.850000000000037,24,0.05,0,50,0.1,0.05,0.49434333497294636,24,0.0,0.36923076923076925,0.0
2034,741.3499999999997,73,0.05,1,50,0.1,0.05,0.4945919370698132,74,0.0,1.510204081632653,0.0
2035,519.8,4,0.05,1,50,0.1,0.05,0.49484029484029485,5,0.0,1.25,36.42999267578125
2036,-65.35,8,0.05,0,50,0.1,0.05,0.4945972495088409,8,0.0,0.34782608695652173,0.0
2037,568.6,28,0.05,1,50,0.1,0.05,0.4948453608247423,29,0.034482758620689655,1.6111111111111112,0.0
2038,563.45,31,0.05,1,50,0.1,0.05,0.49509322865554467,32,0.0,2.4615384615384617,0.0
2039,623.5500000000001,29,0.05,1,50,0.1,0.05,0.49534085335948996,30,0.0,1.2,0.0
2040,657.5,50,0.05,1,50,0.1,0.05,0.49558823529411766,51,0.0,1.59375,28.28971290588379
2041,669.6500000000001,107,0.05,1,50,0.1,0.05,0.49583537481626655,108,0.0,3.085714285714286,0.0
2042,756.9999999999997,60,0.05,1,50,0.1,0.05,0.4960822722820764,61,0.0,1.1730769230769231,0.0
2043,706.3999999999996,72,0.05,1,50,0.1,0.05,0.49632892804698975,73,0.0136986301369863,1.5869565217391304,0.0
2044,692.3499999999998,53,0.05,1,50,0.1,0.05,0.4965753424657534,54,0.0,1.3846153846153846,0.0
2045,524.25,15,0.05,1,50,0.1,0.05,0.4968215158924205,16,0.0,3.2,14.247054100036621
2046,444.1000000000001,118,0.05,1,50,0.1,0.05,0.4970674486803519,119,0.12605042016806722,2.38,0.0
2047,717.3999999999999,52,0.05,1,50,0.1,0.05,0.49731314118221787,53,0.0,1.2045454545454546,0.0
2048,-44.89999999999985,99,0.05,0,50,0.1,0.05,0.4970703125,99,0.010101010101010102,1.8333333333333333,0.0
2049,35.000000000000334,300,0.05,0,50,0.1,0.05,0.4968277208394339,301,0.009966777408637873,12.541666666666666,0.0
2050,618.8000000000001,24,0.05,1,50,0.1,0.05,0.4970731707317073,25,0.0,1.0416666666666667,12.687895774841309
2051,569.2,16,0.05,1,50,0.1,0.05,0.49731838127742567,17,0.0,1.2142857142857142,0.0
2052,714.3999999999991,112,0.05,1,50,0.1,0.05,0.4975633528265107,113,0.0,2.5681818181818183,0.0
2053,618.4000000000001,32,0.05,1,50,0.1,0.05,0.4978080857282026,33,0.0,1.375,0.0
2054,623.75,25,0.05,1,50,0.1,0.05,0.49805258033106137,26,0.0,1.04,0.0
2055,-10.899999999999977,19,0.05,0,50,0.1,0.05,0.4978102189781022,19,0.0,0.3220338983050847,25.883224487304688
2056,564.35,13,0.05,1,50,0.1,0.05,0.4980544747081712,14,0.0,1.0769230769230769,0.0
2057,539.6,8,0.05,1,50,0.1,0.05,0.49829849295089934,9,0.0,1.125,0.0
2058,688.8999999999999,222,0.05,1,50,0.1,0.05,0.49854227405247814,223,0.013452914798206279,4.288461538461538,0.0
2059,754.1999999999991,116,0.05,1,50,0.1,0.05,0.49878581835842645,117,0.008547008547008548,2.0892857142857144,0.0
2060,642.65,47,0.05,1,50,0.1,0.05,0.49902912621359224,48,0.0,1.6551724137931034,26.447153091430664
2061,593.75,25,0.05,1,50,0.1,0.05,0.4992721979621543,26,0.038461538461538464,1.1304347826086956,0.0
2062,224.99999999999943,300,0.05,0,50,0.1,0.05,0.49903006789524734,301,0.0033222591362126247,4.630769230769231,0.0
2063,623.6500000000001,27,0.05,1,50,0.1,0.05,0.4992729035385361,28,0.0,1.12,0.0
2064,-200,114,0.05,0,50,0.1,0.05,0.499031007751938,114,0.09649122807017543,3.6774193548387095,0.0
2065,519.8,4,0.05,1,50,0.1,0.05,0.499273607748184,5,0.0,1.25,9.811841011047363
2066,866.0999999999995,78,0.05,1,50,0.1,0.05,0.4995159728944821,79,0.0,1.0675675675675675,0.0
2067,-72.90000000000003,59,0.05,0,50,0.1,0.05,0.49927431059506533,59,0.01694915254237288,1.0925925925925926,0.0
2068,584.05,19,0.05,1,50,0.1,0.05,0.4995164410058027,20,0.0,1.1764705882352942,0.0
2069,651.75,65,0.05,1,50,0.1,0.05,0.49975833736104397,66,0.015151515151515152,1.8857142857142857,0.0
2070,646.4000000000001,72,0.05,1,50,0.1,0.05,0.5,73,0.0,2.433333333333333,21.326011657714844
2071,563.0000000000003,140,0.05,1,50,0.1,0.05,0.5002414292612265,141,0.0,10.071428571428571,0.0
2072,588.9,22,0.05,1,50,0.1,0.05,0.5004826254826255,23,0.0,1.2777777777777777,0.0
2073,-101.0,21,0.05,0,50,0.1,0.05,0.5002411963338157,21,0.0,0.44680851063829785,0.0
2074,677.2999999999998,54,0.05,1,50,0.1,0.05,0.5004821600771456,55,0.0,1.5277777777777777,0.0
2075,650.6999999999982,186,0.05,1,50,0.1,0.05,0.500722891566265,187,0.0,5.84375,18.041486740112305
2076,646.3000000000006,274,0.05,1,50,0.1,0.05,0.5009633911368016,275,0.0,8.59375,0.0
2077,603.95,21,0.05,1,50,0.1,0.05,0.5012036591237362,22,0.0,1.0476190476190477,0.0
2078,579.2,16,0.05,1,50,0.1,0.05,0.5014436958614052,17,0.0,1.0625,0.0
2079,583.85,23,0.05,1,50,0.1,0.05,0.5016835016835017,24,0.0,1.411764705882353,0.0
2080,-136.45,30,0.05,0,50,0.1,0.05,0.5014423076923077,30,0.03333333333333333,1.5,15.143868446350098
2081,666.6999999999999,66,0.05,1,50,0.1,0.05,0.501681883709755,67,0.0,1.9705882352941178,0.0
2082,569.2,16,0.05,1,50,0.1,0.05,0.5019212295869356,17,0.0,1.2142857142857142,0.0
2083,-88.05000000000001,62,0.05,0,50,0.1,0.05,0.5016802688430149,62,0.0,1.4090909090909092,0.0
2084,731.3499999999996,73,0.05,1,50,0.1,0.05,0.5019193857965452,74,0.0,1.574468085106383,0.0
2085,584.15,17,0.05,1,50,0.1,0.05,0.5021582733812949,18,0.0,1.0588235294117647,28.60767364501953
2086,702.1499999999996,57,0.05,1,50,0.1,0.05,0.5023969319271333,58,0.0,1.4146341463414633,0.0
2087,667.7499999999986,145,0.05,1,50,0.1,0.05,0.5026353617632966,146,0.0,4.171428571428572,0.0
2088,662.7499999999999,45,0.05,1,50,0.1,0.05,0.5028735632183908,46,0.021739130434782608,1.393939393939394,0.0
2089,-164.39999999999998,89,0.05,0,50,0.1,0.05,0.5026328386787937,89,0.11235955056179775,1.7115384615384615,0.0
2090,608.9,22,0.05,1,50,0.1,0.05,0.5028708133971291,23,0.0,1.0454545454545454,21.2170352935791
2091,539.5,10,0.05,1,50,0.1,0.05,0.5031085604973696,11,0.0,1.375,0.0
2092,4.800000000000139,105,0.05,0,50,0.1,0.05,0.502868068833652,105,0.0,3.0,0.0
2093,-105.15,4,0.05,0,50,0.1,0.05,0.502627806975633,4,0.25,0.07692307692307693,0.0
2094,776.3999999999996,72,0.05,1,50,0.1,0.05,0.502865329512894,73,0.0410958904109589,1.0735294117647058,0.0
2095,645.3000000000002,94,0.05,1,50,0.1,0.05,0.5031026252983294,95,0.0,3.1666666666666665,19.389915466308594
2096,583.95,21,0.05,1,50,0.1,0.05,0.5033396946564885,22,0.0,1.2941176470588236,0.0
2097,692.05,59,0.05,1,50,0.1,0.05,0.5035765379113019,60,0.0,1.5384615384615385,0.0
2098,-66.45000000000002,30,0.05,0,50,0.1,0.05,0.5033365109628217,30,0.0,1.3043478260869565,0.0
2099,-50.49999999999999,11,0.05,0,50,0.1,0.05,0.5030967127203431,11,0.0,0.36666666666666664,0.0
2100,-72.40000000000002,49,0.05,0,50,0.1,0.05,0.5028571428571429,49,0.0,0.98,16.586536407470703
2101,-44.49999999999977,91,0.05,0,50,0.1,0.05,0.5026178010471204,91,0.0,3.1379310344827585,0.0
2102,643.35,33,0.05,1,50,0.1,0.05,0.5028544243577545,34,0.0,1.1724137931034482,0.0
2103,501.04999999999995,79,0.05,1,50,0.1,0.05,0.5030908226343319,80,0.025,16.0,0.0
2104,623.75,25,0.05,1,50,0.1,0.05,0.5033269961977186,26,0.0,1.04,0.0
2105,644.7000000000003,106,0.05,1,50,0.1,0.05,0.503562945368171,107,0.0,3.566666666666667,14.842934608459473
2106,755.9499999999997,181,0.05,1,50,0.1,0.05,0.5037986704653371,182,0.005494505494505495,3.192982456140351,0.0
2107,676.35,173,0.05,1,50,0.1,0.05,0.5040341718082582,174,0.028735632183908046,3.0526315789473686,0.0
2108,234.999999999997,300,0.05,0,50,0.1,0.05,0.5037950664136622,301,0.009966777408637873,4.630769230769231,0.0
2109,710.55,89,0.05,1,50,0.1,0.05,0.5040303461356093,90,0.011111111111111112,2.0930232558139537,0.0
2110,593.85,23,0.05,1,50,0.1,0.05,0.5042654028436019,24,0.0,1.263157894736842,26.74531364440918
2111,204.999999999997,300,0.05,0,50,0.1,0.05,0.5040265277119849,301,0.0033222591362126247,5.574074074074074,0.0
2112,608.8000000000001,24,0.05,1,50,0.1,0.05,0.5042613636363636,25,0.0,1.1363636363636365,0.0
2113,563.45,31,0.05,1,50,0.1,0.05,0.5044959772834832,32,0.0,2.4615384615384617,0.0
2114,613.65,27,0.05,1,50,0.1,0.05,0.5047303689687795,28,0.0,1.2173913043478262,0.0
2115,-47.599999999999625,153,0.05,0,50,0.1,0.05,0.5044917257683215,153,0.013071895424836602,5.1,11.082364082336426
2116,722.1999999999998,156,0.05,1,50,0.1,0.05,0.504725897920605,157,0.006369426751592357,3.14,0.0
2117,523.9499999999999,21,0.05,1,50,0.1,0.05,0.504959848842702,22,0.0,4.4,0.0
2118,165.04999999999887,200,0.05,0,50,0.1,0.05,0.5047214353163362,200,0.005,2.5316455696202533,0.0
2119,702.8499999999999,43,0.05,1,50,0.1,0.05,0.5049551675318547,44,0.0,1.0731707317073171,0.0
2120,593.1500000000001,37,0.05,1,50,0.1,0.05,0.505188679245283,38,0.02631578947368421,1.6521739130434783,12.947168350219727
2121,-91.59999999999995,233,0.05,0,50,0.1,0.05,0.504950495049505,233,0.008583690987124463,8.62962962962963,0.0
2122,682.6499999999999,47,0.05,1,50,0.1,0.05,0.5051837888784166,48,0.0,1.2972972972972974,0.0
2123,544.15,17,0.05,1,50,0.1,0.05,0.5054168629298162,18,0.05555555555555555,1.3846153846153846,0.0
2124,863.9499999999978,221,0.05,1,50,0.1,0.05,0.5056497175141242,222,0.009009009009009009,2.810126582278481,0.0
2125,14.999999999999996,300,0.05,0,50,0.1,0.05,0.5054117647058823,301,0.0033222591362126247,11.148148148148149,105.75702667236328
2126,609.1500000000003,117,0.05,1,50,0.1,0.05,0.5056444026340545,118,0.0,5.130434782608695,0.0
2127,519.7,6,0.05,1,50,0.1,0.05,0.5058768218147626,7,0.0,1.75,0.0
2128,155.00000000000037,300,0.05,0,50,0.1,0.05,0.5056390977443609,301,0.0,5.574074074074074,0.0
2129,486.40000000000043,272,0.05,1,50,0.1,0.05,0.5058713010803194,273,0.02564102564102564,9.75,0.0
2130,-50.49999999999999,11,0.05,0,50,0.1,0.05,0.5056338028169014,11,0.0,0.36666666666666664,42.072784423828125
2131,517.3,54,0.05,1,50,0.1,0.05,0.5058657907085875,55,0.0,13.75,0.0
2132,-31.199999999999974,25,0.05,0,50,0.1,0.05,0.5056285178236398,25,0.0,0.8620689655172413,0.0
2133,791.6499999999996,67,0.05,1,50,0.1,0.05,0.5058602906704173,68,0.0,1.152542372881356,0.0
2134,527.1000000000001,58,0.05,1,50,0.1,0.05,0.5060918462980318,59,0.01694915254237288,5.9,0.0
2135,737.3999999999999,52,0.05,1,50,0.1,0.05,0.5063231850117096,53,0.018867924528301886,1.0192307692307692,28.27472496032715
2136,618.6,28,0.05,1,50,0.1,0.05,0.5065543071161048,29,0.0,1.2083333333333333,0.0
2137,737.8499999999995,143,0.05,1,50,0.1,0.05,0.5067852129153019,144,0.0,2.938775510204082,0.0
2138,519.8,4,0.05,1,50,0.1,0.05,0.5070159027128157,5,0.0,1.25,0.0
2139,612.95,41,0.05,1,50,0.1,0.05,0.5072463768115942,42,0.0,1.826086956521739,0.0
2140,654.8000000000002,104,0.05,1,50,0.1,0.05,0.5074766355140187,105,0.0,3.28125,36.83071517944336
2141,643.45,31,0.05,1,50,0.1,0.05,0.5077066791219057,32,0.0,1.103448275862069,0.0
2142,589.1,18,0.05,1,50,0.1,0.05,0.5079365079365079,19,0.0,1.0555555555555556,0.0
2143,694.7999999999997,104,0.05,1,50,0.1,0.05,0.5081661222585161,105,0.009523809523809525,2.3863636363636362,0.0
2144,656.8999999999974,262,0.05,1,50,0.1,0.05,0.5083955223880597,263,0.0076045627376425855,6.261904761904762,0.0
2145,643.35,33,0.05,1,50,0.1,0.05,0.5086247086247087,34,0.0,1.1724137931034482,10.089674949645996
2146,488.1,38,0.05,1,50,0.1,0.05,0.5088536812674743,39,0.1282051282051282,2.7857142857142856,0.0
2147,657.6999999999999,46,0.05,1,50,0.1,0.05,0.5090824406148113,47,0.0,1.46875,0.0
2148,588.7,26,0.05,1,50,0.1,0.05,0.5093109869646183,27,0.037037037037037035,1.2272727272727273,0.0
2149,677.8999999999999,42,0.05,1,50,0.1,0.05,0.5095393206142392,43,0.0,1.1944444444444444,0.0
2150,643.55,29,0.05,1,50,0.1,0.05,0.5097674418604651,30,0.0,1.0344827586206897,23.517776489257812
2151,569.3,14,0.05,1,50,0.1,0.05,0.5099953509995351,15,0.0,1.0714285714285714,0.0
2152,613.75,25,0.05,1,50,0.1,0.05,0.5102230483271375,26,0.0,1.1304347826086956,0.0
2153,-200,36,0.05,0,50,0.1,0.05,0.5099860659544821,36,0.3611111111111111,1.565217391304348,0.0
2154,667.9999999999999,40,0.05,1,50,0.1,0.05,0.510213556174559,41,0.0,1.2058823529411764,0.0
2155,678.2999999999993,234,0.05,1,50,0.1,0.05,0.5104408352668214,235,0.00851063829787234,5.108695652173913,14.760013580322266
2156,226.84999999999894,163,0.05,1,50,0.1,0.05,0.5106679035250464,164,0.17682926829268292,2.6031746031746033,0.0
2157,45.000000000000696,300,0.05,0,50,0.1,0.05,0.5104311543810849,301,0.0,23.153846153846153,0.0
2158,613.5500000000001,29,0.05,1,50,0.1,0.05,0.5106580166821131,30,0.0,1.3043478260869565,0.0
2159,714.8,104,0.05,1,50,0.1,0.05,0.5108846688281612,105,0.01904761904761905,2.019230769230769,0.0
2160,45.00000000000081,300,0.05,0,50,0.1,0.05,0.5106481481481482,301,0.0033222591362126247,6.543478260869565,27.50216293334961
2161,564.35,13,0.05,1,50,0.1,0.05,0.5108745950948634,14,0.0,1.0769230769230769,0.0
2162,593.75,25,0.05,1,50,0.1,0.05,0.5111008325624422,26,0.0,1.368421052631579,0.0
2163,653.8999999999993,122,0.05,1,50,0.1,0.05,0.511326860841424,123,0.0,3.84375,0.0
2164,534.65,7,0.05,1,50,0.1,0.05,0.5115526802218114,8,0.0,1.1428571428571428,0.0
2165,643.45,31,0.05,1,50,0.1,0.05,0.5117782909930716,32,0.0,1.103448275862069,14.459477424621582
2166,869.0499999999994,119,0.05,1,50,0.1,0.05,0.5120036934441367,120,0.016666666666666666,1.518987341772152,0.0
2167,776.8999999999996,62,0.05,1,50,0.1,0.05,0.5122288878634056,63,0.0,1.125,0.0
2168,681.8499999999999,63,0.05,1,50,0.1,0.05,0.5124538745387454,64,0.0,1.7297297297297298,0.0
2169,735.5499999999992,189,0.05,1,50,0.1,0.05,0.5126786537574919,190,0.015789473684210527,3.1147540983606556,0.0
2170,519.8,4,0.05,1,50,0.1,0.05,0.5129032258064516,5,0.0,1.25,33.48477554321289
2171,561.6500000000001,67,0.05,1,50,0.1,0.05,0.5131275909719023,68,0.0,5.230769230769231,0.0
2172,617.0000000000001,60,0.05,1,50,0.1,0.05,0.5133517495395948,61,0.0,2.5416666666666665,0.0
2173,651.65,67,0.05,1,50,0.1,0.05,0.5135757017947538,68,0.014705882352941176,1.9428571428571428,0.0
2174,774.7999999999992,104,0.05,1,50,0.1,0.05,0.5137994480220791,105,0.009523809523809525,1.75,0.0
2175,569.3,14,0.05,1,50,0.1,0.05,0.5140229885057471,15,0.0,1.0714285714285714,49.6889533996582
2176,578.0000000000001,40,0.05,1,50,0.1,0.05,0.5142463235294118,41,0.0,2.5625,0.0
2177,534.65,7,0.05,1,50,0.1,0.05,0.5144694533762058,8,0.0,1.1428571428571428,0.0
2178,-35.00000000000062,300,0.05,0,50,0.1,0.05,0.5142332415059688,301,0.053156146179401995,4.630769230769231,0.0
2179,754.099999999999,118,0.05,1,50,0.1,0.05,0.5144561725562184,119,0.0,2.2884615384615383,0.0
2180,750.0499999999995,99,0.05,1,50,0.1,0.05,0.5146788990825688,100,0.01,1.8181818181818181,45.07648468017578
2181,698.3999999999988,232,0.05,1,50,0.1,0.05,0.5149014213663458,233,0.004291845493562232,5.065217391304348,0.0
2182,14.999999999999794,300,0.05,0,50,0.1,0.05,0.5146654445462878,301,0.0,13.08695652173913,0.0
2183,518.55,129,0.05,1,50,0.1,0.05,0.5148877691250573,130,0.0,26.0,0.0
2184,813.8999999999992,122,0.05,1,50,0.1,0.05,0.5151098901098901,123,0.008130081300813009,1.8088235294117647,0.0
2185,579.2,16,0.05,1,50,0.1,0.05,0.5153318077803204,17,0.0,1.0625,16.992691040039062
2186,679.7500000000001,105,0.05,1,50,0.1,0.05,0.5155535224153706,106,0.0,2.864864864864865,0.0
2187,808.4499999999991,131,0.05,1,50,0.1,0.05,0.5157750342935528,132,0.0,2.0952380952380953,0.0
2188,579.2,16,0.05,1,50,0.1,0.05,0.5159963436928702,17,0.0,1.0625,0.0
2189,524.75,5,0.05,1,50,0.1,0.05,0.5162174508908177,6,0.0,1.2,0.0
2190,579.2,16,0.05,1,50,0.1,0.05,0.5164383561643836,17,0.0,1.0625,16.984508514404297
2191,547.9000000000001,42,0.05,1,50,0.1,0.05,0.5166590597900502,43,0.023255813953488372,3.0714285714285716,0.0
2192,593.85,23,0.05,1,50,0.1,0.05,0.5168795620437956,24,0.0,1.263157894736842,0.0
2193,575.0500000000005,199,0.05,1,50,0.1,0.05,0.5170998632010944,200,0.0,11.764705882352942,0.0
2194,564.35,13,0.05,1,50,0.1,0.05,0.5173199635369189,14,0.0,1.0769230769230769,0.0
2195,658.4,32,0.05,1,50,0.1,0.05,0.5175398633257403,33,0.0,1.03125,38.611572265625
2196,658.1,38,0.05,1,50,0.1,0.05,0.51775956284153,39,0.02564102564102564,1.0833333333333333,0.0
2197,618.1,38,0.05,1,50,0.1,0.05,0.5179790623577606,39,0.0,1.625,0.0
2198,364.99999999999693,300,0.05,0,50,0.1,0.05,0.5177434030937216,301,0.0033222591362126247,3.6707317073170733,0.0
2199,524.75,5,0.05,1,50,0.1,0.05,0.517962710322874,6,0.0,1.2,0.0
2200,543.5500000000001,29,0.05,1,50,0.1,0.05,0.5181818181818182,30,0.03333333333333333,2.3076923076923075,21.39891815185547
2201,598.9,22,0.05,1,50,0.1,0.05,0.518400726942299,23,0.0,1.15,0.0
2202,-80.2,5,0.05,0,50,0.1,0.05,0.5181653042688465,5,0.0,0.25,0.0
2203,603.85,23,0.05,1,50,0.1,0.05,0.5183840217884703,24,0.0,1.1428571428571428,0.0
2204,539.5,10,0.05,1,50,0.1,0.05,0.5186025408348457,11,0.0,1.375,0.0
2205,747.0999999999998,58,0.05,1,50,0.1,0.05,0.5188208616780046,59,0.01694915254237288,1.0925925925925926,10.789178848266602
2206,756.249999999999,175,0.05,1,50,0.1,0.05,0.5190389845874886,176,0.017045454545454544,2.707692307692308,0.0
2207,777.549999999999,149,0.05,1,50,0.1,0.05,0.5192569098323516,150,0.0,2.6315789473684212,0.0
2208,667.4999999999998,50,0.05,1,50,0.1,0.05,0.5194746376811594,51,0.0,1.5,0.0
2209,8.449999999999406,132,0.05,0,50,0.1,0.05,0.5192394748755093,132,0.08333333333333333,1.736842105263158,0.0
2210,-100.89999999999999,19,0.05,0,50,0.1,0.05,0.5190045248868779,19,0.0,0.4318181818181818,17.318029403686523
2211,673.1499999999999,37,0.05,1,50,0.1,0.05,0.5192220714608774,38,0.0,1.0857142857142856,0.0
2212,603.95,21,0.05,1,50,0.1,0.05,0.5194394213381555,22,0.0,1.0476190476190477,0.0
2213,543.65,27,0.05,1,50,0.1,0.05,0.5196565747853592,28,0.03571428571428571,2.1538461538461537,0.0
2214,463.0499999999994,239,0.05,1,50,0.1,0.05,0.519873532068654,240,0.058333333333333334,4.705882352941177,0.0
2215,753.2999999999988,134,0.05,1,50,0.1,0.05,0.5200902934537246,135,0.0,2.5961538461538463,32.811126708984375
2216,598.0000000000001,40,0.05,1,50,0.1,0.05,0.5203068592057761,41,0.04878048780487805,1.4642857142857142,0.0
2217,573.85,23,0.05,1,50,0.1,0.05,0.5205232295895355,24,0.0,1.6,0.0
2218,608.1000000000006,238,0.05,1,50,0.1,0.05,0.5207394048692516,239,0.0041841004184100415,8.535714285714286,0.0
2219,70.54999999999711,290,0.05,0,50,0.1,0.05,0.5205047318611987,290,0.0,7.25,0.0
2220,741.3499999999996,73,0.05,1,50,0.1,0.05,0.5207207207207207,74,0.013513513513513514,1.3962264150943395,35.133880615234375
2221,796.6999999999996,66,0.05,1,50,0.1,0.05,0.5209365150832959,67,0.0,1.1166666666666667,0.0
2222,759.9999999999994,200,0.05,1,50,0.1,0.05,0.5211521152115212,201,0.0,3.7222222222222223,0.0
2223,643.55,29,0.05,1,50,0.1,0.05,0.5213675213675214,30,0.0,1.0344827586206897,0.0
2224,702.6499999999999,47,0.05,1,50,0.1,0.05,0.5215827338129496,48,0.020833333333333332,1.170731707317073,0.0
2225,741.5499999999998,69,0.05,1,50,0.1,0.05,0.5217977528089888,70,0.014285714285714285,1.320754716981132,20.514142990112305
2226,710.0499999999997,99,0.05,1,50,0.1,0.05,0.5220125786163522,100,0.0,2.3255813953488373,0.0
2227,610.95,81,0.05,1,50,0.1,0.05,0.5222272114952852,82,0.0,3.5652173913043477,0.0
2228,618.8000000000001,24,0.05,1,50,0.1,0.05,0.5224416517055656,25,0.0,1.0416666666666667,0.0
2229,-31.499999999999943,31,0.05,0,50,0.1,0.05,0.522207267833109,31,0.0,1.1071428571428572,0.0
2230,578.1,38,0.05,1,50,0.1,0.05,0.5224215246636771,39,0.0,2.4375,41.509498596191406
2231,593.25,35,0.05,1,50,0.1,0.05,0.522635589421784,36,0.0,1.894736842105263,0.0
2232,624.4500000000005,211,0.05,1,50,0.1,0.05,0.5228494623655914,212,0.0,7.851851851851852,0.0
2233,692.9499999999998,41,0.05,1,50,0.1,0.05,0.5230631437527989,42,0.0,1.0769230769230769,0.0
2234,749.5499999999992,109,0.05,1,50,0.1,0.05,0.5232766338406446,110,0.02727272727272727,1.746031746031746,0.0
2235,51.84999999999971,64,0.05,0,50,0.1,0.05,0.5230425055928412,64,0.0,1.4545454545454546,28.50185203552246
2236,-67.55000000000004,52,0.05,0,50,0.1,0.05,0.5228085867620751,52,0.0,1.3,0.0
2237,559.5500000000003,109,0.05,1,50,0.1,0.05,0.5230219043361645,110,0.0,8.461538461538462,0.0
2238,-100,1,0.05,0,50,0.1,0.05,0.5227882037533512,1,0.0,0.017241379310344827,0.0
2239,621.1500000000002,77,0.05,1,50,0.1,0.05,0.5230013398838768,78,0.0,3.12,0.0
2240,825.4999999999993,90,0.05,1,50,0.1,0.05,0.5232142857142857,91,0.0,1.378787878787879,36.8907470703125
2241,524.75,5,0.05,1,50,0.1,0.05,0.5234270414993306,6,0.0,1.2,0.0
2242,500.45,91,0.05,1,50,0.1,0.05,0.5236396074933095,92,0.021739130434782608,18.4,0.0
2243,105.00000000000082,300,0.05,0,50,0.1,0.05,0.5234061524743647,301,0.0033222591362126247,7.525,0.0
2244,717.3999999999999,52,0.05,1,50,0.1,0.05,0.5236185383244206,53,0.0,1.2045454545454546,0.0
2245,835.8999999999996,82,0.05,1,50,0.1,0.05,0.5238307349665924,83,0.0,1.2205882352941178,20.055665969848633
2246,579.1,18,0.05,1,50,0.1,0.05,0.5240427426536064,19,0.0,1.1875,0.0
2247,678.0999999999999,38,0.05,1,50,0.1,0.05,0.5242545616377392,39,0.0,1.0833333333333333,0.0
2248,524.65,7,0.05,1,50,0.1,0.05,0.5244661921708185,8,0.0,1.6,0.0
2249,553.75,25,0.05,1,50,0.1,0.05,0.5246776345042241,26,0.0,2.3636363636363638,0.0
2250,822.0999999999987,158,0.05,1,50,0.1,0.05,0.5248888888888888,159,0.0,2.409090909090909,21.25466537475586
2251,676.4499999999996,171,0.05,1,50,0.1,0.05,0.5250999555752999,172,0.0,4.648648648648648,0.0
2252,689.4000000000003,212,0.05,1,50,0.1,0.05,0.5253108348134992,213,0.0,5.325,0.0
2253,14.999999999999797,300,0.05,0,50,0.1,0.05,0.5250776742121616,301,0.0,13.08695652173913,0.0
2254,569.3,14,0.05,1,50,0.1,0.05,0.5252883762200532,15,0.0,1.0714285714285714,0.0
2255,615.0000000000001,100,0.05,1,50,0.1,0.05,0.5254988913525499,101,0.0,4.208333333333333,11.728696823120117
2256,682.4499999999998,51,0.05,1,50,0.1,0.05,0.525709219858156,52,0.0,1.4054054054054055,0.0
2257,584.15,17,0.05,1,50,0.1,0.05,0.5259193619849357,18,0.0,1.0588235294117647,0.0
2258,-92.69999999999999,55,0.05,0,50,0.1,0.05,0.5256864481842338,55,0.0,3.4375,0.0
2259,687.8999999999999,42,0.05,1,50,0.1,0.05,0.5258964143426295,43,0.0,1.131578947368421,0.0
2260,776.7999999999997,64,0.05,1,50,0.1,0.05,0.5261061946902655,65,0.015384615384615385,1.0833333333333333,13.361909866333008
2261,45.000000000000824,300,0.05,0,50,0.1,0.05,0.5258735072976559,301,0.0,10.379310344827585,0.0
2262,821.1499999999996,77,0.05,1,50,0.1,0.05,0.5260831122900088,78,0.0,1.2,0.0
2263,564.25,15,0.05,1,50,0.1,0.05,0.5262925320371189,16,0.0,1.2307692307692308,0.0
2264,678.7500000000001,125,0.05,1,50,0.1,0.05,0.5265017667844523,126,0.0,3.4054054054054053,0.0
2265,504.65,7,0.05,1,50,0.1,0.05,0.5267108167770419,8,0.25,1.6,16.903676986694336
2266,524.75,5,0.05,1,50,0.1,0.05,0.526919682259488,6,0.0,1.2,0.0
2267,683.8499999999985,223,0.05,1,50,0.1,0.05,0.5271283634759594,224,0.0,5.743589743589744,0.0
2268,643.55,29,0.05,1,50,0.1,0.05,0.527336860670194,30,0.0,1.0344827586206897,0.0
2269,-53.99999999999995,81,0.05,0,50,0.1,0.05,0.5271044513001322,81,0.0,2.3823529411764706,0.0
2270,692.9499999999998,41,0.05,1,50,0.1,0.05,0.5273127753303964,42,0.0,1.0769230769230769,21.561918258666992
2271,-86.15,24,0.05,0,50,0.1,0.05,0.5270805812417437,24,0.0,0.7741935483870968,0.0
2272,625.0000000000002,100,0.05,1,50,0.1,0.05,0.5272887323943662,101,0.0,3.8846153846153846,0.0
2273,717.5999999999998,48,0.05,1,50,0.1,0.05,0.5274967003959525,49,0.0,1.1136363636363635,0.0
2274,804.099999999999,118,0.05,1,50,0.1,0.05,0.5277044854881267,119,0.0,1.9193548387096775,0.0
2275,769.9499999999991,101,0.05,1,50,0.1,0.05,0.5279120879120879,102,0.0,1.8545454545454545,17.871240615844727
2276,709.2499999999991,115,0.05,1,50,0.1,0.05,0.5281195079086116,116,0.0,2.697674418604651,0.0
2277,539.6,8,0.05,1,50,0.1,0.05,0.52832674571805,9,0.0,1.125,0.0
2278,779.1999999999982,216,0.05,1,50,0.1,0.05,0.5285338015803336,217,0.004608294930875576,3.5,0.0
2279,519.8,4,0.05,1,50,0.1,0.05,0.5287406757349715,5,0.0,1.25,0.0
2280,224.99999999999793,300,0.05,0,50,0.1,0.05,0.5285087719298246,301,0.0033222591362126247,4.630769230769231,10.88858699798584
2281,549.3000000000005,214,0.05,1,50,0.1,0.05,0.5287154756685665,215,0.0,17.916666666666668,0.0
2282,564.35,13,0.05,1,50,0.1,0.05,0.5289219982471516,14,0.0,1.0769230769230769,0.0
2283,761.5499999999997,69,0.05,1,50,0.1,0.05,0.5291283399036356,70,0.0,1.320754716981132,0.0
2284,672.4499999999998,51,0.05,1,50,0.1,0.05,0.5293345008756567,52,0.019230769230769232,1.3333333333333333,0.0
2285,712.5499999999998,49,0.05,1,50,0.1,0.05,0.5295404814004376,50,0.0,1.1627906976744187,18.976783752441406
2286,598.9,22,0.05,1,50,0.1,0.05,0.5297462817147857,23,0.0,1.15,0.0
2287,679.1499999999991,117,0.05,1,50,0.1,0.05,0.529951902055094,118,0.0,3.189189189189189,0.0
2288,737.1999999999998,56,0.05,1,50,0.1,0.05,0.5301573426573427,57,0.017543859649122806,1.0961538461538463,0.0
2289,644.6000000000001,108,0.05,1,50,0.1,0.05,0.5303626037570992,109,0.01834862385321101,2.8684210526315788,0.0
2290,594.05,19,0.05,1,50,0.1,0.05,0.5305676855895196,20,0.05,1.0526315789473684,51.80316925048828
2291,534.35,13,0.05,1,50,0.1,0.05,0.5307725883893496,14,0.0,2.0,0.0
2292,697.4999999999999,50,0.05,1,50,0.1,0.05,0.5309773123909249,51,0.0,1.275,0.0
2293,134.99999999999736,300,0.05,0,50,0.1,0.05,0.530745747928478,301,0.0,9.40625,0.0
2294,45.000000000000455,300,0.05,0,50,0.1,0.05,0.530514385353095,301,0.006644518272425249,7.525,0.0
2295,-12.999999999999858,61,0.05,0,50,0.1,0.05,0.5302832244008715,61,0.0,2.259259259259259,32.302799224853516
2296,608.8000000000001,24,0.05,1,50,0.1,0.05,0.5304878048780488,25,0.0,1.1363636363636365,0.0
2297,208.049999999999,140,0.05,0,50,0.1,0.05,0.5302568567696996,140,0.02142857142857143,1.8421052631578947,0.0
2298,-75.55000000000014,212,0.05,0,50,0.1,0.05,0.5300261096605744,212,0.0,12.470588235294118,0.0
2299,105.00000000000082,300,0.05,0,50,0.1,0.05,0.5297955632883863,301,0.0,12.04,0.0
2300,694.2500000000003,215,0.05,1,50,0.1,0.05,0.53,216,0.0,5.2682926829268295,12.341028213500977
2301,736.1999999999998,76,0.05,1,50,0.1,0.05,0.5302042590178183,77,0.012987012987012988,1.4807692307692308,0.0
2302,603.95,21,0.05,1,50,0.1,0.05,0.5304083405734145,22,0.0,1.0476190476190477,0.0
2303,889.1499999999991,117,0.05,1,50,0.1,0.05,0.5306122448979592,118,0.00847457627118644,1.4936708860759493,0.0
2304,536.9,62,0.05,1,50,0.1,0.05,0.5308159722222222,63,0.015873015873015872,5.25,0.0
2305,655.6999999999994,86,0.05,1,50,0.1,0.05,0.5310195227765727,87,0.011494252873563218,2.4166666666666665,9.672720909118652
2306,537.6999999999999,46,0.05,1,50,0.1,0.05,0.53122289679098,47,0.0,5.875,0.0
2307,-66.75000000000003,36,0.05,0,50,0.1,0.05,0.5309926311226701,36,0.0,2.1176470588235294,0.0
2308,574.15,17,0.05,1,50,0.1,0.05,0.5311958405545927,18,0.0,1.2,0.0
2309,815.9999999999995,80,0.05,1,50,0.1,0.05,0.5313988739714162,81,0.012345679012345678,1.1911764705882353,0.0
2310,708.4499999999994,131,0.05,1,50,0.1,0.05,0.5316017316017316,132,0.0,3.0697674418604652,13.633721351623535
2311,746.7999999999996,64,0.05,1,50,0.1,0.05,0.5318044136737343,65,0.015384615384615385,1.2037037037037037,0.0
2312,793.7999999999993,124,0.05,1,50,0.1,0.05,0.5320069204152249,125,0.0,2.0833333333333335,0.0
2313,618.6,28,0.05,1,50,0.1,0.05,0.53220925205361,29,0.0,1.2083333333333333,0.0
2314,588.9,22,0.05,1,50,0.1,0.05,0.5324114088159032,23,0.043478260869565216,1.0454545454545454,0.0
2315,677.6999999999998,46,0.05,1,50,0.1,0.05,0.5326133909287257,47,0.0,1.3055555555555556,16.766695022583008
2316,618.7,26,0.05,1,50,0.1,0.05,0.5328151986183074,27,0.0,1.125,0.0
2317,-83.60000000000004,73,0.05,0,50,0.1,0.05,0.53258523953388,73,0.0136986301369863,2.92,0.0
2318,45.00000000000081,300,0.05,0,50,0.1,0.05,0.5323554788610871,301,0.0,10.379310344827585,0.0
2319,797.4499999999987,151,0.05,1,50,0.1,0.05,0.5325571366968521,152,0.0,2.4918032786885247,0.0
2320,643.55,29,0.05,1,50,0.1,0.05,0.5327586206896552,30,0.0,1.0344827586206897,32.45110321044922
2321,682.5499999999998,49,0.05,1,50,0.1,0.05,0.5329599310641965,50,0.0,1.3513513513513513,0.0
2322,-120.15,104,0.05,0,50,0.1,0.05,0.532730404823428,104,0.009615384615384616,6.5,0.0
2323,598.9,22,0.05,1,50,0.1,0.05,0.5329315540249677,23,0.0,1.15,0.0
2324,-44.999999999999616,300,0.05,0,50,0.1,0.05,0.5327022375215146,301,0.0033222591362126247,18.8125,0.0
2325,35.000000000000824,300,0.05,0,50,0.1,0.05,0.5324731182795699,301,0.0,23.153846153846153,16.609861373901367
2326,59.64999999999935,108,0.05,0,50,0.1,0.05,0.532244196044712,108,0.009259259259259259,2.7,0.0
2327,214.99999999999704,300,0.05,0,50,0.1,0.05,0.5320154705629566,301,0.006644518272425249,5.375,0.0
2328,611.4500000000002,71,0.05,1,50,0.1,0.05,0.5322164948453608,72,0.0,3.130434782608696,0.0
2329,-74.90000000000018,299,0.05,0,50,0.1,0.05,0.5319879776728209,299,0.0,13.590909090909092,0.0
2330,677.0999999999997,58,0.05,1,50,0.1,0.05,0.5321888412017167,59,0.0,1.6388888888888888,13.372345924377441
2331,657.9,42,0.05,1,50,0.1,0.05,0.5323895323895323,43,0.023255813953488372,1.1944444444444444,0.0
2332,620.5,190,0.05,1,50,0.1,0.05,0.532590051457976,191,0.010471204188481676,5.617647058823529,0.0
2333,563.85,23,0.05,1,50,0.1,0.05,0.5327903986283755,24,0.041666666666666664,1.411764705882353,0.0
2334,606.7000000000007,266,0.05,1,50,0.1,0.05,0.5329905741216795,267,0.003745318352059925,9.535714285714286,0.0
2335,557.5000000000001,50,0.05,1,50,0.1,0.05,0.5331905781584583,51,0.0,4.25,17.687864303588867
2336,712.5499999999998,49,0.05,1,50,0.1,0.05,0.5333904109589042,50,0.02,1.0638297872340425,0.0
2337,702.8499999999999,43,0.05,1,50,0.1,0.05,0.5335900727428327,44,0.0,1.0731707317073171,0.0
2338,145.9999999999995,81,0.05,0,50,0.1,0.05,0.5333618477331052,81,0.0,1.4464285714285714,0.0
2339,825.8999999999996,82,0.05,1,50,0.1,0.05,0.5335613510047028,83,0.0,1.2575757575757576,0.0
2340,508.1,38,0.05,1,50,0.1,0.05,0.5337606837606838,39,0.0,19.5,53.79290008544922
2341,574.15,17,0.05,1,50,0.1,0.05,0.5339598462195643,18,0.0,1.2,0.0
2342,692.1499999999999,57,0.05,1,50,0.1,0.05,0.5341588385994877,58,0.017241379310344827,1.3488372093023255,0.0
2343,712.3499999999997,53,0.05,1,50,0.1,0.05,0.5343576611182245,54,0.0,1.255813953488372,0.0
2344,672.8499999999999,43,0.05,1,50,0.1,0.05,0.534556313993174,44,0.0,1.2571428571428571,0.0
2345,757.0999999999997,58,0.05,1,50,0.1,0.05,0.5347547974413646,59,0.0,1.1346153846153846,17.507038116455078
2346,697.3999999999999,52,0.05,1,50,0.1,0.05,0.5349531116794544,53,0.0,1.325,0.0
2347,593.25,35,0.05,1,50,0.1,0.05,0.5351512569237324,36,0.027777777777777776,1.565217391304348,0.0
2348,712.5499999999998,49,0.05,1,50,0.1,0.05,0.5353492333901193,50,0.02,1.0638297872340425,0.0
2349,584.05,19,0.05,1,50,0.1,0.05,0.5355470412941677,20,0.0,1.1764705882352942,0.0
2350,583.85,23,0.05,1,50,0.1,0.05,0.5357446808510639,24,0.0,1.411764705882353,19.301429748535156
2351,567.8000000000001,44,0.05,1,50,0.1,0.05,0.5359421522756274,45,0.022222222222222223,3.2142857142857144,0.0
2352,658.4,32,0.05,1,50,0.1,0.05,0.5361394557823129,33,0.0,1.03125,0.0
2353,-16.19999999999969,125,0.05,0,50,0.1,0.05,0.5359116022099447,125,0.008,3.90625,0.0
2354,554.25,15,0.05,1,50,0.1,0.05,0.536108751062022,16,0.0625,1.0666666666666667,0.0
2355,735.9999999999973,280,0.05,1,50,0.1,0.05,0.5363057324840764,281,0.0035587188612099642,5.203703703703703,17.954483032226562
2356,553.35,33,0.05,1,50,0.1,0.05,0.5365025466893039,34,0.0,3.090909090909091,0.0
2357,834.8999999999992,102,0.05,1,50,0.1,0.05,0.5366991938905388,103,0.0,1.5147058823529411,0.0
2358,214.9999999999979,300,0.05,0,50,0.1,0.05,0.5364715860899067,301,0.0,5.016666666666667,0.0
2359,623.5500000000001,29,0.05,1,50,0.1,0.05,0.5366680796947859,30,0.0,1.2,0.0
2360,757.0999999999997,58,0.05,1,50,0.1,0.05,0.536864406779661,59,0.0,1.1346153846153846,27.438493728637695
2361,-4.9999999999999805,300,0.05,0,50,0.1,0.05,0.5366370182126218,301,0.0,17.705882352941178,0.0
2362,657.7,46,0.05,1,50,0.1,0.05,0.5368331922099915,47,0.0,1.46875,0.0
2363,658.0999999999999,38,0.05,1,50,0.1,0.05,0.5370292001692764,39,0.0,1.21875,0.0
2364,658.2,36,0.05,1,50,0.1,0.05,0.5372250423011844,37,0.0,1.15625,0.0
2365,164.99999999999693,300,0.05,0,50,0.1,0.05,0.5369978858350951,301,0.0,7.921052631578948,13.5963716506958
2366,552.1000000000004,158,0.05,1,50,0.1,0.05,0.5371935756551142,159,0.0,13.25,0.0
2367,144.99999999999963,300,0.05,0,50,0.1,0.05,0.5369666244190959,301,0.0,8.852941176470589,0.0
2368,136.79999999999973,65,0.05,0,50,0.1,0.05,0.5367398648648649,65,0.0,1.3265306122448979,0.0
2369,534.65,7,0.05,1,50,0.1,0.05,0.536935415787252,8,0.0,1.1428571428571428,0.0
2370,522.05,59,0.05,1,50,0.1,0.05,0.5371308016877637,60,0.0,12.0,6.352202415466309
2371,599.0,20,0.05,1,50,0.1,0.05,0.5373260227752004,21,0.0,1.05,0.0
2372,75.00000000000061,300,0.05,0,50,0.1,0.05,0.5370994940978078,301,0.0033222591362126247,12.541666666666666,0.0
2373,574.15,17,0.05,1,50,0.1,0.05,0.5372945638432364,18,0.0,1.2,0.0
2374,687.6999999999999,46,0.05,1,50,0.1,0.05,0.5374894692502106,47,0.0,1.236842105263158,0.0
2375,533.6500000000003,227,0.05,1,50,0.1,0.05,0.5376842105263158,228,0.013157894736842105,10.857142857142858,7.636284351348877
2376,594.05,19,0.05,1,50,0.1,0.05,0.5378787878787878,20,0.0,1.0526315789473684,0.0
2377,805.4999999999995,90,0.05,1,50,0.1,0.05,0.5380732015145141,91,0.0,1.467741935483871,0.0
2378,578.8000000000001,24,0.05,1,50,0.1,0.05,0.5382674516400336,25,0.04,1.25,0.0
2379,781.8499999999997,63,0.05,1,50,0.1,0.05,0.5384615384615384,64,0.0,1.1228070175438596,0.0
2380,12.05000000000014,60,0.05,0,50,0.1,0.05,0.538235294117647,60,0.0,1.5,26.463788986206055
2381,633.45,31,0.05,1,50,0.1,0.05,0.5384292314153717,32,0.0,1.1851851851851851,0.0
2382,737.0499999999996,159,0.05,1,50,0.1,0.05,0.538623005877414,160,0.0,3.2653061224489797,0.0
2383,825.3999999999994,92,0.05,1,50,0.1,0.05,0.5388166177087704,93,0.0,1.4090909090909092,0.0
2384,513.85,223,0.05,1,50,0.1,0.05,0.5390100671140939,224,0.013392857142857142,13.176470588235293,0.0
2385,15.000000000000679,300,0.05,0,50,0.1,0.05,0.5387840670859538,301,0.0,10.379310344827585,9.908862113952637
2386,667.4999999999999,50,0.05,1,50,0.1,0.05,0.5389773679798826,51,0.0,1.5,0.0
2387,682.9499999999998,41,0.05,1,50,0.1,0.05,0.5391705069124424,42,0.0,1.135135135135135,0.0
2388,623.6500000000001,27,0.05,1,50,0.1,0.05,0.5393634840871022,28,0.0,1.12,0.0
2389,214.99999999999721,300,0.05,0,50,0.1,0.05,0.5391377145249058,301,0.0,5.016666666666667,0.0
2390,759.1499999999992,117,0.05,1,50,0.1,0.05,0.5393305439330544,118,0.01694915254237288,1.9344262295081966,36.49878692626953
2391,687.5999999999999,48,0.05,1,50,0.1,0.05,0.5395232120451694,49,0.0,1.2894736842105263,0.0
2392,523.85,23,0.05,1,50,0.1,0.05,0.5397157190635451,24,0.0,4.8,0.0
2393,-200,300,0.05,0,50,0.1,0.05,0.5394901796907647,301,0.07641196013289037,21.5,0.0
2394,569.3,14,0.05,1,50,0.1,0.05,0.5396825396825397,15,0.06666666666666667,1.0714285714285714,0.0
2395,667.8,44,0.05,1,50,0.1,0.05,0.539874739039666,45,0.0,1.3235294117647058,32.1362190246582
2396,-44.24999999999951,186,0.05,0,50,0.1,0.05,0.5396494156928213,186,0.0,4.043478260869565,0.0
2397,729.1499999999992,117,0.05,1,50,0.1,0.05,0.5398414685022945,118,0.00847457627118644,2.3137254901960786,0.0
2398,633.5500000000001,29,0.05,1,50,0.1,0.05,0.5400333611342786,30,0.0,1.1111111111111112,0.0
2399,613.75,25,0.05,1,50,0.1,0.05,0.5402250937890788,26,0.0,1.1304347826086956,0.0
2400,803.5999999999989,128,0.05,1,50,0.1,0.05,0.5404166666666667,129,0.0,2.0806451612903225,8.240093231201172
2401,-45.94999999999942,220,0.05,0,50,0.1,0.05,0.5401915868388172,220,0.0,5.7894736842105265,0.0
2402,523.3999999999999,132,0.05,1,50,0.1,0.05,0.5403830141548709,133,0.0,22.166666666666668,0.0
2403,730.1999999999982,196,0.05,1,50,0.1,0.05,0.5405742821473158,197,0.01015228426395939,3.517857142857143,0.0
2404,643.05,39,0.05,1,50,0.1,0.05,0.540765391014975,40,0.025,1.2121212121212122,0.0
2405,174.99999999999912,300,0.05,0,50,0.1,0.05,0.5405405405405406,301,0.0,7.525,38.27869415283203
2406,570.6500000000001,87,0.05,1,50,0.1,0.05,0.5407315045719036,88,0.0,5.866666666666666,0.0
2407,-14.99999999999989,300,0.05,0,50,0.1,0.05,0.5405068550062319,301,0.009966777408637873,21.5,0.0
2408,644.299999999999,114,0.05,1,50,0.1,0.05,0.5406976744186046,115,0.0,3.8333333333333335,0.0
2409,65.00000000000074,300,0.05,0,50,0.1,0.05,0.5404732254047323,301,0.0,14.333333333333334,0.0
2410,732.4499999999998,51,0.05,1,50,0.1,0.05,0.5406639004149377,52,0.0,1.1063829787234043,17.07876968383789
2411,746.7999999999997,64,0.05,1,50,0.1,0.05,0.5408544172542513,65,0.015384615384615385,1.2037037037037037,0.0
2412,648.2,36,0.05,1,50,0.1,0.05,0.5410447761194029,37,0.0,1.2333333333333334,0.0
2413,756.2999999999997,74,0.05,1,50,0.1,0.05,0.5412349772067965,75,0.0,1.4423076923076923,0.0
2414,648.0,40,0.05,1,50,0.1,0.05,0.5414250207125103,41,0.024390243902439025,1.2058823529411764,0.0
2415,14.999999999999797,300,0.05,0,50,0.1,0.05,0.5412008281573499,301,0.0,20.066666666666666,16.018930435180664
2416,645.0999999999992,98,0.05,1,50,0.1,0.05,0.5413907284768212,99,0.0,3.3,0.0
2417,767.1999999999998,56,0.05,1,50,0.1,0.05,0.5415804716590815,57,0.0,1.0555555555555556,0.0
2418,573.85,23,0.05,1,50,0.1,0.05,0.5417700578990902,24,0.0,1.6,0.0
2419,603.1500000000001,37,0.05,1,50,0.1,0.05,0.541959487391484,38,0.0,1.8095238095238095,0.0
2420,698.7499999999991,125,0.05,1,50,0.1,0.05,0.5421487603305785,126,0.015873015873015872,2.5714285714285716,31.664470672607422
2421,668.0,40,0.05,1,50,0.1,0.05,0.5423378769103676,41,0.0,1.2058823529411764,0.0
2422,682.75,45,0.05,1,50,0.1,0.05,0.5425268373245252,46,0.0,1.2432432432432432,0.0
2423,597.0500000000004,159,0.05,1,50,0.1,0.05,0.5427156417664053,160,0.0,7.619047619047619,0.0
2424,734.1999999999997,116,0.05,1,50,0.1,0.05,0.5429042904290429,117,0.008547008547008548,2.25,0.0
2425,123.89999999999898,123,0.05,0,50,0.1,0.05,0.5426804123711341,123,0.0,2.1578947368421053,30.415754318237305
2426,579.0,20,0.05,1,50,0.1,0.05,0.542868920032976,21,0.0,1.3125,0.0
2427,727.3999999999997,52,0.05,1,50,0.1,0.05,0.5430572723526988,53,0.0,1.1521739130434783,0.0
2428,45.00000000000075,300,0.05,0,50,0.1,0.05,0.542833607907743,301,0.013289036544850499,9.40625,0.0
2429,542.7000000000003,146,0.05,1,50,0.1,0.05,0.5430218196788802,147,0.006802721088435374,10.5,0.0
2430,692.4499999999999,51,0.05,1,50,0.1,0.05,0.5432098765432098,52,0.0,1.3333333333333333,33.821815490722656
2431,-51.99999999999998,41,0.05,0,50,0.1,0.05,0.5429864253393665,41,0.0,1.2058823529411764,0.0
2432,608.8000000000001,24,0.05,1,50,0.1,0.05,0.5431743421052632,25,0.0,1.1363636363636365,0.0
2433,767.2999999999989,254,0.05,1,50,0.1,0.05,0.5433621043978627,255,0.00392156862745098,4.25,0.0
2434,4.999999999999964,300,0.05,0,50,0.1,0.05,0.543138866064092,301,0.0033222591362126247,8.852941176470589,0.0
2435,5.000000000000058,300,0.05,0,50,0.1,0.05,0.5429158110882957,301,0.0033222591362126247,10.379310344827585,25.0972957611084
2436,613.75,25,0.05,1,50,0.1,0.05,0.5431034482758621,26,0.0,1.1304347826086956,0.0
2437,21.050000000000196,80,0.05,0,50,0.1,0.05,0.542880590890439,80,0.0,2.051282051282051,0.0
2438,553.75,25,0.05,1,50,0.1,0.05,0.5430680885972108,26,0.0,2.3636363636363638,0.0
2439,795.8999999999994,82,0.05,1,50,0.1,0.05,0.5432554325543255,83,0.0,1.3833333333333333,0.0
2440,601.4000000000004,172,0.05,1,50,0.1,0.05,0.5434426229508197,173,0.005780346820809248,6.653846153846154,18.660730361938477
2441,741.7499999999997,65,0.05,1,50,0.1,0.05,0.5436296599754199,66,0.0,1.346938775510204,0.0
2442,662.85,43,0.05,1,50,0.1,0.05,0.5438165438165438,44,0.0,1.3333333333333333,0.0
2443,662.0500000000001,59,0.05,1,50,0.1,0.05,0.5440032746623005,60,0.0,1.8181818181818181,0.0
2444,760.9499999999995,81,0.05,1,50,0.1,0.05,0.544189852700491,82,0.024390243902439025,1.3442622950819672,0.0
2445,648.4,32,0.05,1,50,0.1,0.05,0.5443762781186094,33,0.0,1.1,43.45108413696289
2446,-100,1,0.05,0,50,0.1,0.05,0.544153720359771,1,0.0,0.017241379310344827,0.0
2447,524.65,7,0.05,1,50,0.1,0.05,0.5443400081732734,8,0.0,1.6,0.0
2448,354.9999999999982,300,0.05,0,50,0.1,0.05,0.5441176470588235,301,0.006644518272425249,3.810126582278481,0.0
2449,888.5499999999993,129,0.05,1,50,0.1,0.05,0.5443037974683544,130,0.007692307692307693,1.6455696202531647,0.0
2450,729.5499999999992,109,0.05,1,50,0.1,0.05,0.5444897959183673,110,0.0,2.3404255319148937,34.10367202758789
2451,761.7499999999998,65,0.05,1,50,0.1,0.05,0.5446756425948592,66,0.0,1.2452830188679245,0.0
2452,304.99999999999847,300,0.05,0,50,0.1,0.05,0.5444535073409462,301,0.006644518272425249,4.0675675675675675,0.0
2453,672.9499999999999,41,0.05,1,50,0.1,0.05,0.5446392172849572,42,0.0,1.2,0.0
2454,608.8000000000001,24,0.05,1,50,0.1,0.05,0.5448247758761207,25,0.0,1.1363636363636365,0.0
2455,574.25,15,0.05,1,50,0.1,0.05,0.545010183299389,16,0.0,1.0666666666666667,21.697473526000977
2456,35.000000000000774,300,0.05,0,50,0.1,0.05,0.5447882736156352,301,0.006644518272425249,14.333333333333334,0.0
2457,-85.39999999999988,109,0.05,0,50,0.1,0.05,0.5445665445665445,109,0.009174311926605505,4.739130434782608,0.0
2458,579.0,20,0.05,1,50,0.1,0.05,0.5447518307567127,21,0.0,1.3125,0.0
2459,626.6000000000001,68,0.05,1,50,0.1,0.05,0.5449369662464416,69,0.014492753623188406,2.3,0.0
2460,45.000000000000036,300,0.05,0,50,0.1,0.05,0.5447154471544715,301,0.0,5.788461538461538,8.397953987121582
2461,534.5000000000002,110,0.05,1,50,0.1,0.05,0.5449004469727753,111,0.018018018018018018,6.9375,0.0
2462,553.35,33,0.05,1,50,0.1,0.05,0.545085296506905,34,0.029411764705882353,2.2666666666666666,0.0
2463,569.3,14,0.05,1,50,0.1,0.05,0.5452699959399107,15,0.06666666666666667,1.0714285714285714,0.0
2464,471.25000000000006,275,0.05,1,50,0.1,0.05,0.5454545454545454,276,0.025362318840579712,11.04,0.0
2465,45.000000000000405,300,0.05,0,50,0.1,0.05,0.5452332657200811,301,0.0,20.066666666666666,25.43648910522461
2466,733.4500000000003,231,0.05,1,50,0.1,0.05,0.5454176804541768,232,0.0,4.73469387755102,0.0
2467,589.1,18,0.05,1,50,0.1,0.05,0.5456019456830158,19,0.0,1.0555555555555556,0.0
2468,664.1000000000001,118,0.05,1,50,0.1,0.05,0.5457860615883307,119,0.0,3.5,0.0
2469,637.2,56,0.05,1,50,0.1,0.05,0.5459700283515594,57,0.017543859649122806,1.78125,0.0
2470,670.9999999999983,180,0.05,1,50,0.1,0.05,0.5461538461538461,181,0.0,5.027777777777778,37.23019027709961
2471,224.99999999999818,300,0.05,0,50,0.1,0.05,0.5459328207203561,301,0.0,5.375,0.0
2472,554.45,11,0.05,1,50,0.1,0.05,0.5461165048543689,12,0.0,1.0909090909090908,0.0
2473,656.8499999999985,163,0.05,1,50,0.1,0.05,0.5463000404367165,164,0.018292682926829267,4.0,0.0
2474,712.4499999999998,51,0.05,1,50,0.1,0.05,0.5464834276475343,52,0.019230769230769232,1.1063829787234043,0.0
2475,594.05,19,0.05,1,50,0.1,0.05,0.5466666666666666,20,0.05,1.0526315789473684,15.014554977416992
2476,622.3000000000003,154,0.05,1,50,0.1,0.05,0.5468497576736672,155,0.012903225806451613,4.5588235294117645,0.0
2477,661.25,75,0.05,1,50,0.1,0.05,0.5470327008477998,76,0.0,2.303030303030303,0.0
2478,-79.8,197,0.05,0,50,0.1,0.05,0.5468119451170299,197,0.005076142131979695,4.925,0.0
2479,564.35,13,0.05,1,50,0.1,0.05,0.5469947559499798,14,0.0,1.0769230769230769,0.0
2480,-35.00000000000017,300,0.05,0,50,0.1,0.05,0.5467741935483871,301,0.0,18.8125,9.333626747131348
2481,579.2,16,0.05,1,50,0.1,0.05,0.54695687222894,17,0.0,1.0625,0.0
2482,65.00000000000082,300,0.05,0,50,0.1,0.05,0.5467365028203062,301,0.0,16.72222222222222,0.0
2483,650.6999999999999,186,0.05,1,50,0.1,0.05,0.5469190495368506,187,0.0106951871657754,4.675,0.0
2484,544.45,11,0.05,1,50,0.1,0.05,0.5471014492753623,12,0.0,1.3333333333333333,0.0
2485,638.0,40,0.05,1,50,0.1,0.05,0.5472837022132797,41,0.024390243902439025,1.28125,25.624378204345703
2486,-37.39999999999961,149,0.05,0,50,0.1,0.05,0.5470635559131134,149,0.0,3.6341463414634148,0.0
2487,554.35,13,0.05,1,50,0.1,0.05,0.5472456775231203,14,0.0,1.2727272727272727,0.0
2488,627.6000000000001,48,0.05,1,50,0.1,0.05,0.547427652733119,49,0.061224489795918366,1.2894736842105263,0.0
2489,-29.79999999999957,197,0.05,0,50,0.1,0.05,0.5472077139413419,197,0.015228426395939087,2.984848484848485,0.0
2490,618.4000000000001,32,0.05,1,50,0.1,0.05,0.5473895582329317,33,0.0,1.375,17.829879760742188
2491,573.6500000000001,27,0.05,1,50,0.1,0.05,0.5475712565234846,28,0.0,1.8666666666666667,0.0
2492,685.7999999999997,84,0.05,1,50,0.1,0.05,0.547752808988764,85,0.011764705882352941,2.0238095238095237,0.0
2493,554.45,11,0.05,1,50,0.1,0.05,0.547934215804252,12,0.0,1.0909090909090908,0.0
2494,-125.50000000000004,111,0.05,0,50,0.1,0.05,0.5477145148356054,111,0.009009009009009009,6.9375,0.0
2495,825.2999999999993,94,0.05,1,50,0.1,0.05,0.5478957915831664,95,0.0,1.4393939393939394,25.02703094482422
2496,668.0999999999999,38,0.05,1,50,0.1,0.05,0.5480769230769231,39,0.0,1.1470588235294117,0.0
2497,564.25,15,0.05,1,50,0.1,0.05,0.5482579094913896,16,0.0,1.2307692307692308,0.0
2498,564.15,17,0.05,1,50,0.1,0.05,0.5484387510008006,18,0.05555555555555555,1.0588235294117647,0.0
2499,539.6,8,0.05,1,50,0.1,0.05,0.5486194477791116,9,0.0,1.125,0.0
2500,555.1999999999999,96,0.05,1,50,0.1,0.05,0.5488,97,0.0,8.083333333333334,17.708736419677734
2501,623.5500000000001,29,0.05,1,50,0.1,0.05,0.5489804078368653,30,0.0,1.2,0.0
2502,653.15,37,0.05,1,50,0.1,0.05,0.5491606714628298,38,0.02631578947368421,1.0857142857142856,0.0
2503,593.95,21,0.05,1,50,0.1,0.05,0.5493407910507391,22,0.045454545454545456,1.1578947368421053,0.0
2504,509.9,2,0.05,1,50,0.1,0.05,0.549520766773163,3,0.0,1.5,0.0
2505,539.3000000000001,214,0.05,1,50,0.1,0.05,0.5497005988023952,215,0.027906976744186046,6.323529411764706,23.416074752807617
2506,524.75,5,0.05,1,50,0.1,0.05,0.5498802873104549,6,0.0,1.2,0.0
2507,579.0,20,0.05,1,50,0.1,0.05,0.5500598324690865,21,0.0,1.3125,0.0
2508,565.4000000000001,92,0.05,1,50,0.1,0.05,0.5502392344497608,93,0.0,6.642857142857143,0.0
2509,574.0000000000003,120,0.05,1,50,0.1,0.05,0.5504184934236748,121,0.008264462809917356,6.05,0.0
2510,578.4000000000001,32,0.05,1,50,0.1,0.05,0.550597609561753,33,0.0,2.0625,20.508079528808594
2511,144.99999999999713,300,0.05,0,50,0.1,0.05,0.5503783353245719,301,0.0033222591362126247,7.921052631578948,0.0
2512,559.0,20,0.05,1,50,0.1,0.05,0.5505573248407644,21,0.0,1.75,0.0
2513,-65.55,12,0.05,0,50,0.1,0.05,0.5503382411460406,12,0.08333333333333333,0.23529411764705882,0.0
2514,493.2499999999985,235,0.05,1,50,0.1,0.05,0.5505171042163882,236,0.05084745762711865,4.816326530612245,0.0
2515,826.3999999999996,72,0.05,1,50,0.1,0.05,0.5506958250497018,73,0.0,1.106060606060606,60.88799285888672
2516,579.1,18,0.05,1,50,0.1,0.05,0.5508744038155803,19,0.0,1.1875,0.0
2517,656.7999999999996,64,0.05,1,50,0.1,0.05,0.5510528406833533,65,0.0,2.03125,0.0
2518,-114.99999999999935,300,0.05,0,50,0.1,0.05,0.550833995234313,301,0.023255813953488372,5.574074074074074,0.0
2519,618.8000000000001,24,0.05,1,50,0.1,0.05,0.5510123064708218,25,0.0,1.0416666666666667,0.0
2520,727.4999999999998,50,0.05,1,50,0.1,0.05,0.5511904761904762,51,0.0,1.108695652173913,33.91425323486328
2521,35.54999999999956,190,0.05,0,50,0.1,0.05,0.5509718365727886,190,0.005263157894736842,4.318181818181818,0.0
2522,244.99999999999784,300,0.05,0,50,0.1,0.05,0.5507533703409992,301,0.006644518272425249,4.0675675675675675,0.0
2523,717.4999999999998,50,0.05,1,50,0.1,0.05,0.550931430836306,51,0.0,1.1590909090909092,0.0
2524,628.5,30,0.05,1,50,0.1,0.05,0.5511093502377179,31,0.0,1.1923076923076923,0.0
2525,79.74999999999997,106,0.05,0,50,0.1,0.05,0.5508910891089109,106,0.009433962264150943,1.7377049180327868,35.23747253417969
2526,672.9499999999999,41,0.05,1,50,0.1,0.05,0.5510688836104513,42,0.0,1.2,0.0
2527,673.05,39,0.05,1,50,0.1,0.05,0.5512465373961218,40,0.0,1.1428571428571428,0.0
2528,-15.149999999999693,204,0.05,0,50,0.1,0.05,0.5510284810126582,204,0.00980392156862745,3.090909090909091,0.0
2529,75.00000000000082,300,0.05,0,50,0.1,0.05,0.5508105970739423,301,0.0,14.333333333333334,0.0
2530,-16.449999999999946,30,0.05,0,50,0.1,0.05,0.5505928853754941,30,0.0,1.5,26.687246322631836
2531,57.599999999999795,49,0.05,0,50,0.1,0.05,0.5503753457131568,49,0.0,1.225,0.0
2532,667.4999999999975,250,0.05,1,50,0.1,0.05,0.5505529225908373,251,0.00398406374501992,6.972222222222222,0.0
2533,632.1500000000001,57,0.05,1,50,0.1,0.05,0.5507303592577971,58,0.0,2.1481481481481484,0.0
2534,733.0499999999977,239,0.05,1,50,0.1,0.05,0.5509076558800315,240,0.004166666666666667,4.528301886792453,0.0
2535,824.3999999999992,112,0.05,1,50,0.1,0.05,0.5510848126232741,113,0.0,1.7121212121212122,42.92033767700195
2536,654.4999999999994,110,0.05,1,50,0.1,0.05,0.5512618296529969,111,0.018018018018018018,3.0833333333333335,0.0
2537,704.8,104,0.05,1,50,0.1,0.05,0.5514387071344107,105,0.0,2.5,0.0
2538,62.70000000000019,147,0.05,0,50,0.1,0.05,0.5512214342001576,147,0.0,2.4098360655737703,0.0
2539,74.9999999999999,300,0.05,0,50,0.1,0.05,0.5510043324143363,301,0.006644518272425249,6.840909090909091,0.0
2540,608.4000000000001,32,0.05,1,50,0.1,0.05,0.5511811023622047,33,0.030303030303030304,1.2692307692307692,27.603059768676758
2541,65.00000000000082,300,0.05,0,50,0.1,0.05,0.5509641873278237,301,0.0033222591362126247,15.842105263157896,0.0
2542,687.5999999999998,48,0.05,1,50,0.1,0.05,0.5511408339889851,49,0.02040816326530612,1.1666666666666667,0.0
2543,573.6500000000001,27,0.05,1,50,0.1,0.05,0.5513173417223751,28,0.0,1.8666666666666667,0.0
2544,124.99999999999856,300,0.05,0,50,0.1,0.05,0.5511006289308176,301,0.0,5.901960784313726,0.0
2545,608.9,22,0.05,1,50,0.1,0.05,0.5512770137524557,23,0.0,1.0454545454545454,9.650443077087402
2546,573.95,21,0.05,1,50,0.1,0.05,0.5514532600157109,22,0.0,1.4666666666666666,0.0
2547,-121.25000000000001,126,0.05,0,50,0.1,0.05,0.5512367491166078,126,0.007936507936507936,7.875,0.0
2548,766.0499999999986,179,0.05,1,50,0.1,0.05,0.5514128728414442,180,0.0,3.272727272727273,0.0
2549,648.4,32,0.05,1,50,0.1,0.05,0.5515888583758337,33,0.0,1.1,0.0
2550,673.05,39,0.05,1,50,0.1,0.05,0.5517647058823529,40,0.0,1.1428571428571428,15.004660606384277
2551,722.6499999999994,247,0.05,1,50,0.1,0.05,0.5519404155233242,248,0.004032258064516129,4.862745098039215,0.0
2552,75.00000000000082,300,0.05,0,50,0.1,0.05,0.5517241379310345,301,0.0,11.148148148148149,0.0
2553,-47.199999999999626,145,0.05,0,50,0.1,0.05,0.5515080297688993,145,0.0,3.918918918918919,0.0
2554,164.99999999999696,300,0.05,0,50,0.1,0.05,0.5512920908379013,301,0.0,7.921052631578948,0.0
2555,622.25,55,0.05,1,50,0.1,0.05,0.55146771037182,56,0.0,2.24,27.419960021972656
2556,636.8500000000003,163,0.05,1,50,0.1,0.05,0.5516431924882629,164,0.006097560975609756,4.96969696969697,0.0
2557,19.449999999999974,112,0.05,0,50,0.1,0.05,0.5514274540477122,112,0.008928571428571428,2.036363636363636,0.0
2558,623.1500000000001,37,0.05,1,50,0.1,0.05,0.5516028146989835,38,0.0,1.52,0.0
2559,571.9500000000002,61,0.05,1,50,0.1,0.05,0.5517780382962094,62,0.0,4.133333333333334,0.0
2560,144.9999999999972,300,0.05,0,50,0.1,0.05,0.5515625,301,0.0,8.852941176470589,28.228803634643555
2561,756.3999999999996,72,0.05,1,50,0.1,0.05,0.5517376024990238,73,0.0,1.4038461538461537,0.0
2562,-5.000000000000003,300,0.05,0,50,0.1,0.05,0.5515222482435597,301,0.0033222591362126247,13.08695652173913,0.0
2563,556.7,66,0.05,1,50,0.1,0.05,0.5516972298088177,67,0.0,5.583333333333333,0.0
2564,125.00000000000081,300,0.05,0,50,0.1,0.05,0.5514820592823713,301,0.0,7.525,0.0
2565,603.35,33,0.05,1,50,0.1,0.05,0.5516569200779727,34,0.0,1.619047619047619,20.82544708251953
2566,608.9,22,0.05,1,50,0.1,0.05,0.5518316445830086,23,0.0,1.0454545454545454,0.0
2567,706.8,64,0.05,1,50,0.1,0.05,0.5520062329567589,65,0.0,1.5476190476190477,0.0
2568,630.9500000000002,81,0.05,1,50,0.1,0.05,0.5521806853582555,82,0.0,3.037037037037037,0.0
2569,590.9500000000002,81,0.05,1,50,0.1,0.05,0.5523550019462826,82,0.0,4.315789473684211,0.0
2570,727.1999999999979,256,0.05,1,50,0.1,0.05,0.5525291828793775,257,0.007782101167315175,4.589285714285714,27.551361083984375
2571,589.1,18,0.05,1,50,0.1,0.05,0.5527032283158304,19,0.0,1.0555555555555556,0.0
2572,48.30000000000001,35,0.05,0,50,0.1,0.05,0.55248833592535,35,0.0,0.6363636363636364,0.0
2573,692.7499999999998,45,0.05,1,50,0.1,0.05,0.55266226195103,46,0.021739130434782608,1.069767441860465,0.0
2574,589.1,18,0.05,1,50,0.1,0.05,0.5528360528360529,19,0.0,1.0555555555555556,0.0
2575,568.1500000000003,137,0.05,1,50,0.1,0.05,0.553009708737864,138,0.0,9.2,27.587509155273438
2576,49.599999999997976,209,0.05,0,50,0.1,0.05,0.5527950310559007,209,0.0,3.943396226415094,0.0
2577,597.1000000000001,58,0.05,1,50,0.1,0.05,0.5529685681024447,59,0.01694915254237288,2.4583333333333335,0.0
2578,820.4999999999984,190,0.05,1,50,0.1,0.05,0.5531419705197828,191,0.0,2.893939393939394,0.0
2579,554.35,13,0.05,1,50,0.1,0.05,0.5533152384645211,14,0.0,1.2727272727272727,0.0
2580,677.2999999999997,54,0.05,1,50,0.1,0.05,0.5534883720930233,55,0.0,1.5277777777777777,21.60236930847168
2581,646.049999999999,179,0.05,1,50,0.1,0.05,0.5536613715614103,180,0.0,5.806451612903226,0.0
2582,659.8500000000001,103,0.05,1,50,0.1,0.05,0.5538342370255616,104,0.019230769230769232,2.5365853658536586,0.0
2583,674.4,112,0.05,1,50,0.1,0.05,0.554006968641115,113,0.008849557522123894,2.825,0.0
2584,653.1000000000003,138,0.05,1,50,0.1,0.05,0.5541795665634675,139,0.0,4.34375,0.0
2585,115.00000000000078,300,0.05,0,50,0.1,0.05,0.5539651837524178,301,0.0,7.0,10.565897941589355
2586,-94.99999999999957,300,0.05,0,50,0.1,0.05,0.5537509667440061,301,0.046511627906976744,6.840909090909091,0.0
2587,641.2000000000005,176,0.05,1,50,0.1,0.05,0.5539234634712021,177,0.005649717514124294,5.205882352941177,0.0
2588,709.4499999999991,111,0.05,1,50,0.1,0.05,0.5540958268933539,112,0.0,2.604651162790698,0.0
2589,789.5999999999984,208,0.05,1,50,0.1,0.05,0.5542680571649286,209,0.0,3.4833333333333334,0.0
2590,621.9500000000002,61,0.05,1,50,0.1,0.05,0.5544401544401545,62,0.0,2.48,40.710113525390625
2591,669.7499999999999,105,0.05,1,50,0.1,0.05,0.554612118873022,106,0.009433962264150943,2.717948717948718,0.0
2592,603.45,31,0.05,1,50,0.1,0.05,0.5547839506172839,32,0.03125,1.28,0.0
2593,687.8,44,0.05,1,50,0.1,0.05,0.5549556498264558,45,0.0,1.1842105263157894,0.0
2594,485.5999999999998,288,0.05,1,50,0.1,0.05,0.5551272166538165,289,0.006920415224913495,36.125,0.0
2595,656.2999999999995,74,0.05,1,50,0.1,0.05,0.5552986512524085,75,0.0,2.34375,44.561344146728516
2596,539.1,18,0.05,1,50,0.1,0.05,0.5554699537750385,19,0.05263157894736842,1.5833333333333333,0.0
2597,660.2999999999988,194,0.05,1,50,0.1,0.05,0.555641124374278,195,0.005128205128205128,5.131578947368421,0.0
2598,765.5999999999996,88,0.05,1,50,0.1,0.05,0.5558121632024634,89,0.0,1.6481481481481481,0.0
2599,509.9,2,0.05,1,50,0.1,0.05,0.5559830704116968,3,0.0,1.5,0.0
2600,44.5499999999999,210,0.05,0,50,0.1,0.05,0.5557692307692308,210,0.009523809523809525,5.833333333333333,23.6981258392334
2601,680.2499999999995,95,0.05,1,50,0.1,0.05,0.5559400230680508,96,0.0,2.5945945945945947,0.0
2602,628.7,26,0.05,1,50,0.1,0.05,0.5561106840891622,27,0.0,1.0384615384615385,0.0
2603,551.7000000000004,166,0.05,1,50,0.1,0.05,0.5562812139838648,167,0.011976047904191617,8.35,0.0
2604,723.7999999999997,124,0.05,1,50,0.1,0.05,0.5564516129032258,125,0.0,2.717391304347826,0.0
2605,90.39999999999819,193,0.05,0,50,0.1,0.05,0.5562380038387716,193,0.0,3.3859649122807016,43.34666442871094
2606,686.2999999999998,74,0.05,1,50,0.1,0.05,0.5564082885648504,75,0.0,1.9736842105263157,0.0
2607,214.99999999999721,300,0.05,0,50,0.1,0.05,0.5561948599923283,301,0.0,5.016666666666667,0.0
2608,666.8000000000001,64,0.05,1,50,0.1,0.05,0.5563650306748467,65,0.0,1.911764705882353,0.0
2609,529.1999999999999,16,0.05,1,50,0.1,0.05,0.556535070908394,17,0.0,2.8333333333333335,0.0
2610,75.00000000000082,300,0.05,0,50,0.1,0.05,0.5563218390804597,301,0.0,11.148148148148149,66.82910919189453
2611,826.1999999999995,76,0.05,1,50,0.1,0.05,0.5564917656070472,77,0.0,1.1666666666666667,0.0
2612,-115.75,16,0.05,0,50,0.1,0.05,0.5562787136294027,16,0.0,0.21052631578947367,0.0
2613,651.3000000000004,174,0.05,1,50,0.1,0.05,0.5564485265977803,175,0.0,5.46875,0.0
2614,663.3499999999999,33,0.05,1,50,0.1,0.05,0.5566182096403979,34,0.0,1.0303030303030303,0.0
2615,542.3499999999999,53,0.05,1,50,0.1,0.05,0.5567877629063097,54,0.0,6.0,21.322534561157227
2616,563.5500000000005,229,0.05,1,50,0.1,0.05,0.5569571865443425,230,0.008695652173913044,10.0,0.0
2617,752.9999999999987,140,0.05,1,50,0.1,0.05,0.5571264807030951,141,0.014184397163120567,2.35,0.0
2618,685.8999999999994,82,0.05,1,50,0.1,0.05,0.5572956455309397,83,0.0,2.1842105263157894,0.0
2619,657.049999999999,159,0.05,1,50,0.1,0.05,0.5574646811760214,160,0.0,4.848484848484849,0.0
2620,562.7500000000001,45,0.05,1,50,0.1,0.05,0.5576335877862595,46,0.0,3.5384615384615383,79.8611831665039
2621,608.1500000000003,137,0.05,1,50,0.1,0.05,0.5578023655093476,138,0.021739130434782608,3.942857142857143,0.0
2622,572.8500000000001,43,0.05,1,50,0.1,0.05,0.5579710144927537,44,0.0,2.933333333333333,0.0
2623,608.9499999999999,121,0.05,1,50,0.1,0.05,0.5581395348837209,122,0.0,5.304347826086956,0.0
2624,-130.45000000000007,110,0.05,0,50,0.1,0.05,0.5579268292682927,110,0.0,2.1153846153846154,0.0
2625,560.4500000000003,91,0.05,1,50,0.1,0.05,0.5580952380952381,92,0.0,7.076923076923077,9.377306938171387
2626,707.3999999999999,52,0.05,1,50,0.1,0.05,0.5582635186595583,53,0.018867924528301886,1.1521739130434783,0.0
2627,83.3499999999984,234,0.05,0,50,0.1,0.05,0.5580510087552341,234,0.008547008547008548,3.9,0.0
2628,679.2499999999991,115,0.05,1,50,0.1,0.05,0.5582191780821918,116,0.0,3.135135135135135,0.0
2629,646.0,80,0.05,1,50,0.1,0.05,0.5583872194750856,81,0.024691358024691357,2.1315789473684212,0.0
2630,509.9,2,0.05,1,50,0.1,0.05,0.5585551330798479,3,0.0,1.5,10.41838550567627
2631,509.8,4,0.05,1,50,0.1,0.05,0.5587229190421893,5,0.0,2.5,0.0
2632,748.3499999999988,133,0.05,1,50,0.1,0.05,0.5588905775075987,134,0.007462686567164179,2.4363636363636365,0.0
2633,514.45,11,0.05,1,50,0.1,0.05,0.5590581086213445,12,0.16666666666666666,1.7142857142857142,0.0
2634,633.6500000000001,27,0.05,1,50,0.1,0.05,0.5592255125284739,28,0.0,1.037037037037037,0.0
2635,771.8499999999997,63,0.05,1,50,0.1,0.05,0.5593927893738141,64,0.0,1.1636363636363636,34.12744140625
2636,4.9999999999999085,300,0.05,0,50,0.1,0.05,0.5591805766312595,301,0.0,20.066666666666666,0.0
2637,592.9500000000006,241,0.05,1,50,0.1,0.05,0.5593477436480849,242,0.0,11.523809523809524,0.0
2638,-91.5,31,0.05,0,50,0.1,0.05,0.5591357088703564,31,0.0,0.6078431372549019,0.0
2639,234.99999999999733,300,0.05,0,50,0.1,0.05,0.5589238347859038,301,0.0,5.679245283018868,0.0
2640,601.4500000000002,71,0.05,1,50,0.1,0.05,0.5590909090909091,72,0.0,3.4285714285714284,27.84573745727539
2641,638.3,34,0.05,1,50,0.1,0.05,0.5592578568723968,35,0.0,1.25,0.0
2642,641.1999999999983,176,0.05,1,50,0.1,0.05,0.5594246782740349,177,0.011299435028248588,4.657894736842105,0.0
2643,525.6999999999999,86,0.05,1,50,0.1,0.05,0.5595913734392736,87,0.0,14.5,0.0
2644,12.55000000000011,50,0.05,0,50,0.1,0.05,0.5593797276853253,50,0.0,2.0,0.0
2645,574.05,19,0.05,1,50,0.1,0.05,0.5595463137996219,20,0.0,1.3333333333333333,31.75689697265625
2646,144.99999999999693,300,0.05,0,50,0.1,0.05,0.5593348450491308,301,0.0033222591362126247,7.921052631578948,0.0
2647,574.25,15,0.05,1,50,0.1,0.05,0.5595013222516055,16,0.0,1.0666666666666667,0.0
2648,601.4500000000002,71,0.05,1,50,0.1,0.05,0.5596676737160121,72,0.013888888888888888,2.88,0.0
2649,681.65,67,0.05,1,50,0.1,0.05,0.5598338995847489,68,0.0,1.837837837837838,0.0
2650,776.8999999999997,62,0.05,1,50,0.1,0.05,0.56,63,0.0,1.125,31.970190048217773
2651,608.6,28,0.05,1,50,0.1,0.05,0.5601659751037344,29,0.0,1.3181818181818181,0.0
2652,-33.15000000000002,164,0.05,0,50,0.1,0.05,0.5599547511312217,164,0.018292682926829267,5.125,0.0
2653,806.4999999999995,70,0.05,1,50,0.1,0.05,0.5601206181681115,71,0.014084507042253521,1.0757575757575757,0.0
2654,-61.49999999999995,31,0.05,0,50,0.1,0.05,0.5599095704596835,31,0.0,2.066666666666667,0.0
2655,755.7999999999989,284,0.05,1,50,0.1,0.05,0.560075329566855,285,0.010526315789473684,4.318181818181818,33.30467987060547
2656,25.00000000000027,300,0.05,0,50,0.1,0.05,0.5598644578313253,301,0.0033222591362126247,16.72222222222222,0.0
2657,35.00000000000069,300,0.05,0,50,0.1,0.05,0.5596537448249906,301,0.0,11.148148148148149,0.0
2658,234.99999999999696,300,0.05,0,50,0.1,0.05,0.5594431903686983,301,0.0,5.375,0.0
2659,651.5,170,0.05,1,50,0.1,0.05,0.5596088755171117,171,0.005847953216374269,4.75,0.0
2660,710.15,297,0.05,1,50,0.1,0.05,0.5597744360902256,298,0.013422818791946308,4.885245901639344,16.777868270874023
2661,688.8999999999978,222,0.05,1,50,0.1,0.05,0.5599398722284855,223,0.0,5.575,0.0
2662,702.6499999999999,47,0.05,1,50,0.1,0.05,0.5601051840721262,48,0.0,1.170731707317073,0.0
2663,-100.8,17,0.05,0,50,0.1,0.05,0.5598948554262111,17,0.0,1.0,0.0
2664,35.000000000000554,300,0.05,0,50,0.1,0.05,0.5596846846846847,301,0.0,25.083333333333332,0.0
2665,542.65,47,0.05,1,50,0.1,0.05,0.5598499061913697,48,0.0,5.333333333333333,51.71305465698242
2666,603.5500000000001,29,0.05,1,50,0.1,0.05,0.5600150037509377,30,0.0,1.4285714285714286,0.0
2667,704.7999999999993,104,0.05,1,50,0.1,0.05,0.5601799775028121,105,0.0,2.5,0.0
2668,602.45,51,0.05,1,50,0.1,0.05,0.5603448275862069,52,0.019230769230769232,2.08,0.0
2669,675.7999999999972,284,0.05,1,50,0.1,0.05,0.5605095541401274,285,0.0,7.5,0.0
2670,95.00000000000082,300,0.05,0,50,0.1,0.05,0.5602996254681648,301,0.0,8.36111111111111,54.76506042480469
2671,598.7500000000003,125,0.05,1,50,0.1,0.05,0.5604642456008986,126,0.0,6.0,0.0
2672,553.25,35,0.05,1,50,0.1,0.05,0.5606287425149701,36,0.0,3.272727272727273,0.0
2673,551.9500000000002,61,0.05,1,50,0.1,0.05,0.5607931163486719,62,0.0,5.636363636363637,0.0
2674,618.7,26,0.05,1,50,0.1,0.05,0.5609573672400897,27,0.0,1.125,0.0
2675,586.5000000000001,70,0.05,1,50,0.1,0.05,0.5611214953271028,71,0.0,3.9444444444444446,20.09771728515625
2676,-66.55,32,0.05,0,50,0.1,0.05,0.5609118086696562,32,0.0,0.6037735849056604,0.0
2677,578.4000000000001,32,0.05,1,50,0.1,0.05,0.5610758311542772,33,0.0,2.0625,0.0
2678,519.55,109,0.05,1,50,0.1,0.05,0.5612397311426438,110,0.0,22.0,0.0
2679,737.3999999999997,52,0.05,1,50,0.1,0.05,0.5614035087719298,53,0.0,1.1041666666666667,0.0
2680,17.150000000000404,158,0.05,0,50,0.1,0.05,0.5611940298507463,158,0.006329113924050633,3.4347826086956523,27.54138946533203
2681,46.79999999999961,65,0.05,0,50,0.1,0.05,0.5609847071988064,65,0.0,1.4130434782608696,0.0
2682,613.45,31,0.05,1,50,0.1,0.05,0.5611483967188665,32,0.03125,1.1851851851851851,0.0
2683,628.6,28,0.05,1,50,0.1,0.05,0.5613119642191576,29,0.0,1.1153846153846154,0.0
2684,643.2999999999989,134,0.05,1,50,0.1,0.05,0.5614754098360656,135,0.007407407407407408,3.9705882352941178,0.0
2685,676.3999999999999,72,0.05,1,50,0.1,0.05,0.5616387337057728,73,0.0136986301369863,1.825,15.985288619995117
2686,559.2,16,0.05,1,50,0.1,0.05,0.5618019359642591,17,0.058823529411764705,1.0625,0.0
2687,55.000000000000455,300,0.05,0,50,0.1,0.05,0.5615928544845553,301,0.009966777408637873,10.033333333333333,0.0
2688,105.00000000000077,300,0.05,0,50,0.1,0.05,0.5613839285714286,301,0.0033222591362126247,10.379310344827585,0.0
2689,682.9499999999999,41,0.05,1,50,0.1,0.05,0.5615470435105987,42,0.0,1.135135135135135,0.0
2690,-5.949999999999974,20,0.05,0,50,0.1,0.05,0.5613382899628253,20,0.0,0.7142857142857143,23.937530517578125
2691,737.1999999999997,56,0.05,1,50,0.1,0.05,0.5615013006317354,57,0.0,1.1875,0.0
2692,668.0999999999999,38,0.05,1,50,0.1,0.05,0.5616641901931649,39,0.0,1.1470588235294117,0.0
2693,497.24999999999994,155,0.05,1,50,0.1,0.05,0.5618269587820275,156,0.057692307692307696,4.216216216216216,0.0
2694,558.6,28,0.05,1,50,0.1,0.05,0.5619896065330364,29,0.0,2.4166666666666665,0.0
2695,537.4000000000001,52,0.05,1,50,0.1,0.05,0.562152133580705,53,0.09433962264150944,1.8928571428571428,33.817054748535156
2696,534.65,7,0.05,1,50,0.1,0.05,0.5623145400593472,8,0.125,1.1428571428571428,0.0
2697,584.15,17,0.05,1,50,0.1,0.05,0.5624768261030775,18,0.0,1.0588235294117647,0.0
2698,656.7,66,0.05,1,50,0.1,0.05,0.5626389918458117,67,0.0,2.09375,0.0
2699,633.2999999999994,134,0.05,1,50,0.1,0.05,0.5628010374212671,135,0.022222222222222223,3.75,0.0
2700,809.1499999999997,117,0.05,1,50,0.1,0.05,0.562962962962963,118,0.0,1.873015873015873,17.749652862548828
2701,-20.99999999999997,21,0.05,0,50,0.1,0.05,0.562754535357275,21,0.0,0.6176470588235294,0.0
2702,184.9999999999984,300,0.05,0,50,0.1,0.05,0.5625462620281273,301,0.006644518272425249,5.901960784313726,0.0
2703,591.2000000000003,176,0.05,1,50,0.1,0.05,0.562708102108768,177,0.011299435028248588,6.321428571428571,0.0
2704,-116.75000000000001,36,0.05,0,50,0.1,0.05,0.5625,36,0.027777777777777776,0.7058823529411765,0.0
2705,543.75,25,0.05,1,50,0.1,0.05,0.5626617375231053,26,0.0,2.888888888888889,17.043689727783203
2706,-100,1,0.05,0,50,0.1,0.05,0.5624538063562454,1,0.0,0.017241379310344827,0.0
2707,617.8000000000001,44,0.05,1,50,0.1,0.05,0.5626154414480975,45,0.06666666666666667,1.25,0.0
2708,598.9,22,0.05,1,50,0.1,0.05,0.5627769571639586,23,0.0,1.15,0.0
2709,603.85,23,0.05,1,50,0.1,0.05,0.5629383536360281,24,0.0,1.1428571428571428,0.0
2710,75.00000000000082,300,0.05,0,50,0.1,0.05,0.5627306273062731,301,0.0033222591362126247,7.921052631578948,20.888168334960938
2711,579.3000000000005,214,0.05,1,50,0.1,0.05,0.5628919218000737,215,0.0,11.944444444444445,0.0
2712,819.899999999998,202,0.05,1,50,0.1,0.05,0.5630530973451328,203,0.0,3.0757575757575757,0.0
2713,825.0999999999992,98,0.05,1,50,0.1,0.05,0.5632141540729819,99,0.0,1.5,0.0
2714,667.5999999999999,48,0.05,1,50,0.1,0.05,0.5633750921149595,49,0.02040816326530612,1.2894736842105263,0.0
2715,214.99999999999696,300,0.05,0,50,0.1,0.05,0.5631675874769797,301,0.0033222591362126247,5.375,12.264579772949219
2716,695.4,92,0.05,1,50,0.1,0.05,0.5633284241531664,93,0.0,2.325,0.0
2717,825.9999999999995,80,0.05,1,50,0.1,0.05,0.5634891424365108,81,0.0,1.2272727272727273,0.0
2718,592.1500000000001,57,0.05,1,50,0.1,0.05,0.5636497424576895,58,0.017241379310344827,3.0526315789473686,0.0
2719,603.85,23,0.05,1,50,0.1,0.05,0.5638102243471864,24,0.0,1.1428571428571428,0.0
2720,559.4,12,0.05,1,50,0.1,0.05,0.5639705882352941,13,0.0,1.0833333333333333,18.480072021484375
2721,598.8000000000001,24,0.05,1,50,0.1,0.05,0.5641308342521132,25,0.0,1.25,0.0
2722,524.75,5,0.05,1,50,0.1,0.05,0.5642909625275533,6,0.0,1.2,0.0
2723,15.000000000000792,300,0.05,0,50,0.1,0.05,0.5640837311788469,301,0.006644518272425249,10.75,0.0
2724,687.3999999999999,52,0.05,1,50,0.1,0.05,0.5642437591776799,53,0.0,1.394736842105263,0.0
2725,666.6,68,0.05,1,50,0.1,0.05,0.5644036697247706,69,0.014492753623188406,1.8157894736842106,26.554838180541992
2726,662.8000000000003,144,0.05,1,50,0.1,0.05,0.5645634629493764,145,0.006896551724137931,3.8157894736842106,0.0
2727,134.99999999999807,300,0.05,0,50,0.1,0.05,0.5643564356435643,301,0.0033222591362126247,8.135135135135135,0.0
2728,544.35,13,0.05,1,50,0.1,0.05,0.5645161290322581,14,0.0,1.5555555555555556,0.0
2729,569.2,16,0.05,1,50,0.1,0.05,0.5646757053865885,17,0.0,1.2142857142857142,0.0
2730,593.85,23,0.05,1,50,0.1,0.05,0.5648351648351648,24,0.0,1.263157894736842,42.5951042175293
2731,697.3,54,0.05,1,50,0.1,0.05,0.5649945075064079,55,0.01818181818181818,1.25,0.0
2732,583.0000000000003,140,0.05,1,50,0.1,0.05,0.5651537335285505,141,0.0,7.833333333333333,0.0
2733,131.44999999999953,72,0.05,0,50,0.1,0.05,0.5649469447493597,72,0.0,1.2,0.0
2734,528.9,22,0.05,1,50,0.1,0.05,0.5651060716898317,23,0.0,3.8333333333333335,0.0
2735,-49.54999999999977,92,0.05,0,50,0.1,0.05,0.5648994515539305,92,0.010869565217391304,3.2857142857142856,19.056543350219727
2736,588.8,24,0.05,1,50,0.1,0.05,0.5650584795321637,25,0.0,1.3888888888888888,0.0
2737,638.1,38,0.05,1,50,0.1,0.05,0.5652173913043478,39,0.0,1.3928571428571428,0.0
2738,254.99999999999756,300,0.05,0,50,0.1,0.05,0.5650109569028487,301,0.0,5.472727272727273,0.0
2739,702.8499999999999,43,0.05,1,50,0.1,0.05,0.5651697699890471,44,0.0,1.0731707317073171,0.0
2740,652.299999999999,154,0.05,1,50,0.1,0.05,0.5653284671532847,155,0.012903225806451613,4.305555555555555,27.02155876159668
2741,571.7500000000001,65,0.05,1,50,0.1,0.05,0.565487048522437,66,0.0,4.4,0.0
2742,709.6999999999989,206,0.05,1,50,0.1,0.05,0.5656455142231948,207,0.00966183574879227,3.980769230769231,0.0
2743,154.99999999999707,300,0.05,0,50,0.1,0.05,0.5654393000364565,301,0.0033222591362126247,8.36111111111111,0.0
2744,633.5500000000001,29,0.05,1,50,0.1,0.05,0.565597667638484,30,0.0,1.1111111111111112,0.0
2745,633.5500000000001,29,0.05,1,50,0.1,0.05,0.5657559198542805,30,0.0,1.1111111111111112,25.164779663085938
2746,702.4499999999999,51,0.05,1,50,0.1,0.05,0.5659140568099054,52,0.0,1.2682926829268293,0.0
2747,673.9000000000001,122,0.05,1,50,0.1,0.05,0.5660720786312341,123,0.016260162601626018,2.7954545454545454,0.0
2748,104.99999999999955,300,0.05,0,50,0.1,0.05,0.5658660844250364,301,0.016611295681063124,6.543478260869565,0.0
2749,7.80000000000004,45,0.05,0,50,0.1,0.05,0.5656602400873044,45,0.0,0.9782608695652174,0.0
2750,601.7500000000001,65,0.05,1,50,0.1,0.05,0.5658181818181818,66,0.0,3.142857142857143,12.162958145141602
2751,154.99999999999704,300,0.05,0,50,0.1,0.05,0.5656125045438023,301,0.0033222591362126247,8.36111111111111,0.0
2752,184.99999999999713,300,0.05,0,50,0.1,0.05,0.565406976744186,301,0.0,7.341463414634147,0.0
2753,628.5,30,0.05,1,50,0.1,0.05,0.5655648383581547,31,0.0,1.1923076923076923,0.0
2754,-4.9999999999999725,300,0.05,0,50,0.1,0.05,0.565359477124183,301,0.0,5.901960784313726,0.0
2755,5.000000000000294,300,0.05,0,50,0.1,0.05,0.5651542649727768,301,0.0033222591362126247,25.083333333333332,32.01850128173828
2756,641.1000000000004,178,0.05,1,50,0.1,0.05,0.5653120464441219,179,0.0,5.966666666666667,0.0
2757,564.15,17,0.05,1,50,0.1,0.05,0.5654697134566558,18,0.0,1.3846153846153846,0.0
2758,633.35,33,0.05,1,50,0.1,0.05,0.5656272661348803,34,0.0,1.2592592592592593,0.0
2759,-121.59999999999994,33,0.05,0,50,0.1,0.05,0.5654222544400145,33,0.0,0.5238095238095238,0.0
2760,777.0999999999997,58,0.05,1,50,0.1,0.05,0.5655797101449276,59,0.0,1.0535714285714286,24.162918090820312
2761,776.5999999999996,68,0.05,1,50,0.1,0.05,0.5657370517928287,69,0.0,1.2321428571428572,0.0
2762,602.15,57,0.05,1,50,0.1,0.05,0.5658942795076032,58,0.05172413793103448,1.7575757575757576,0.0
2763,678.1999999999996,236,0.05,1,50,0.1,0.05,0.566051393412957,237,0.0,6.2368421052631575,0.0
2764,126.79999999999967,65,0.05,0,50,0.1,0.05,0.5658465991316932,65,0.0,1.0833333333333333,0.0
2765,589.1,18,0.05,1,50,0.1,0.05,0.566003616636528,19,0.0,1.0555555555555556,19.440940856933594
2766,584.7000000000003,106,0.05,1,50,0.1,0.05,0.5661605206073753,107,0.009345794392523364,4.863636363636363,0.0
2767,646.8999999999999,62,0.05,1,50,0.1,0.05,0.5663173111673292,63,0.0,2.1,0.0
2768,65.00000000000082,300,0.05,0,50,0.1,0.05,0.5661127167630058,301,0.0033222591362126247,7.921052631578948,0.0
2769,-71.05000000000008,122,0.05,0,50,0.1,0.05,0.5659082701336222,122,0.0,4.88,0.0
2770,663.15,37,0.05,1,50,0.1,0.05,0.5660649819494585,38,0.0,1.1515151515151516,11.136630058288574
2771,623.0500000000001,39,0.05,1,50,0.1,0.05,0.5662215806568026,40,0.0,1.6,0.0
2772,567.8000000000001,44,0.05,1,50,0.1,0.05,0.5663780663780664,45,0.0,3.2142857142857144,0.0
2773,75.00000000000081,300,0.05,0,50,0.1,0.05,0.5661738189686261,301,0.0,6.142857142857143,0.0
2774,716.4999999999995,70,0.05,1,50,0.1,0.05,0.5663302090843547,71,0.0,1.6136363636363635,0.0
2775,529.6,8,0.05,1,50,0.1,0.05,0.5664864864864865,9,0.0,1.5,17.488422393798828
2776,538.8,24,0.05,1,50,0.1,0.05,0.56664265129683,25,0.0,3.125,0.0
2777,-63.19999999999985,65,0.05,0,50,0.1,0.05,0.5664386028087864,65,0.015384615384615385,1.6666666666666667,0.0
2778,607.1000000000001,58,0.05,1,50,0.1,0.05,0.5665946724262059,59,0.0,2.6818181818181817,0.0
2779,-105.65,14,0.05,0,50,0.1,0.05,0.5663907880532566,14,0.07142857142857142,0.875,0.0
2780,509.4,12,0.05,1,50,0.1,0.05,0.5665467625899281,13,0.0,6.5,19.157346725463867
2781,610.8499999999999,283,0.05,1,50,0.1,0.05,0.5667026249550522,284,0.0,11.36,0.0
2782,204.99999999999872,300,0.05,0,50,0.1,0.05,0.5664989216391085,301,0.0,6.543478260869565,0.0
2783,-5.000000000000155,300,0.05,0,50,0.1,0.05,0.5662953647143371,301,0.0033222591362126247,12.04,0.0
2784,720.1999999999992,196,0.05,1,50,0.1,0.05,0.5664511494252874,197,0.0,4.282608695652174,0.0
2785,94.94999999999817,202,0.05,0,50,0.1,0.05,0.5662477558348294,202,0.019801980198019802,2.6933333333333334,34.98891067504883
2786,844.049999999998,219,0.05,1,50,0.1,0.05,0.5664034458004307,220,0.004545454545454545,2.933333333333333,0.0
2787,663.25,35,0.05,1,50,0.1,0.05,0.5665590240401865,36,0.0,1.0909090909090908,0.0
2788,628.4000000000001,32,0.05,1,50,0.1,0.05,0.5667144906743186,33,0.0,1.2692307692307692,0.0
2789,726.9999999999998,60,0.05,1,50,0.1,0.05,0.5668698458228756,61,0.0,1.326086956521739,0.0
2790,681.9499999999974,261,0.05,1,50,0.1,0.05,0.5670250896057347,262,0.003816793893129771,6.093023255813954,38.8334846496582
2791,130.44999999999942,92,0.05,0,50,0.1,0.05,0.5668219276245073,92,0.0,1.5333333333333334,0.0
2792,-34.9999999999997,300,0.05,0,50,0.1,0.05,0.5666189111747851,301,0.013289036544850499,21.5,0.0
2793,748.5999999999979,228,0.05,1,50,0.1,0.05,0.5667740780522735,229,0.004366812227074236,4.089285714285714,0.0
2794,667.5,50,0.05,1,50,0.1,0.05,0.5669291338582677,51,0.0,1.5,0.0
2795,630.6500000000002,87,0.05,1,50,0.1,0.05,0.5670840787119857,88,0.0,3.259259259259259,39.490108489990234
2796,569.3,14,0.05,1,50,0.1,0.05,0.567238912732475,15,0.0,1.0714285714285714,0.0
2797,114.99999999999964,300,0.05,0,50,0.1,0.05,0.5670361101179836,301,0.013289036544850499,6.840909090909091,0.0
2798,-200,300,0.05,0,50,0.1,0.05,0.5668334524660472,301,0.053156146179401995,11.148148148148149,0.0
2799,638.749999999999,125,0.05,1,50,0.1,0.05,0.5669882100750268,126,0.0,4.344827586206897,0.0
2800,737.3999999999997,52,0.05,1,50,0.1,0.05,0.5671428571428572,53,0.0,1.1041666666666667,77.01669311523438
2801,755.6999999999994,86,0.05,1,50,0.1,0.05,0.5672973937879329,87,0.011494252873563218,1.5535714285714286,0.0
2802,639.3499999999991,113,0.05,1,50,0.1,0.05,0.5674518201284796,114,0.008771929824561403,3.4545454545454546,0.0
2803,593.85,23,0.05,1,50,0.1,0.05,0.5676061362825544,24,0.0,1.263157894736842,0.0
2804,640.9499999999997,281,0.05,1,50,0.1,0.05,0.5677603423680456,282,0.010638297872340425,6.558139534883721,0.0
2805,684.3999999999991,112,0.05,1,50,0.1,0.05,0.5679144385026738,113,0.0,2.973684210526316,26.512765884399414
2806,80.49999999999864,191,0.05,0,50,0.1,0.05,0.567712045616536,191,0.005235602094240838,3.0806451612903225,0.0
2807,796.2000000000003,276,0.05,1,50,0.1,0.05,0.5678660491628073,277,0.0036101083032490976,4.196969696969697,0.0
2808,94.99999999999999,300,0.05,0,50,0.1,0.05,0.5676638176638177,301,0.0033222591362126247,10.033333333333333,0.0
2809,618.7,26,0.05,1,50,0.1,0.05,0.5678177287290851,27,0.0,1.125,0.0
2810,608.8000000000001,24,0.05,1,50,0.1,0.05,0.5679715302491103,25,0.0,1.1363636363636365,34.9924430847168
2811,515.5,90,0.05,1,50,0.1,0.05,0.568125222340804,91,0.01098901098901099,11.375,0.0
2812,652.0499999999997,59,0.05,1,50,0.1,0.05,0.5682788051209103,60,0.0,1.935483870967742,0.0
2813,-4.999999999999759,300,0.05,0,50,0.1,0.05,0.5680767863490935,301,0.006644518272425249,7.717948717948718,0.0
2814,638.4,32,0.05,1,50,0.1,0.05,0.5682302771855011,33,0.030303030303030304,1.03125,0.0
2815,154.9999999999973,300,0.05,0,50,0.1,0.05,0.5680284191829484,301,0.0033222591362126247,8.36111111111111,10.08129596710205
2816,184.9999999999971,300,0.05,0,50,0.1,0.05,0.5678267045454546,301,0.0,6.840909090909091,0.0
2817,-14.999999999999776,300,0.05,0,50,0.1,0.05,0.5676251331203408,301,0.009966777408637873,21.5,0.0
2818,224.99999999999784,300,0.05,0,50,0.1,0.05,0.5674237047551455,301,0.0033222591362126247,5.375,0.0
2819,642.3500000000001,53,0.05,1,50,0.1,0.05,0.5675771550195104,54,0.037037037037037035,1.4594594594594594,0.0
2820,591.3500000000001,73,0.05,1,50,0.1,0.05,0.5677304964539007,74,0.013513513513513514,3.8947368421052633,15.153789520263672
2821,184.99999999999693,300,0.05,0,50,0.1,0.05,0.5675292449485998,301,0.0,6.840909090909091,0.0
2822,667.6999999999999,46,0.05,1,50,0.1,0.05,0.5676824946846208,47,0.02127659574468085,1.236842105263158,0.0
2823,559.3,14,0.05,1,50,0.1,0.05,0.5678356358483883,15,0.0,1.25,0.0
2824,-36.34999999999995,28,0.05,0,50,0.1,0.05,0.5676345609065155,28,0.0,1.4,0.0
2825,5.000000000000445,300,0.05,0,50,0.1,0.05,0.567433628318584,301,0.006644518272425249,18.8125,26.661178588867188
2826,578.3000000000001,34,0.05,1,50,0.1,0.05,0.56758669497523,35,0.0,2.1875,0.0
2827,487.54999999999995,149,0.05,1,50,0.1,0.05,0.5677396533427662,150,0.006666666666666667,50.0,0.0
2828,554.9000000000002,102,0.05,1,50,0.1,0.05,0.5678925035360679,103,0.0,8.583333333333334,0.0
2829,608.4000000000001,32,0.05,1,50,0.1,0.05,0.568045245669848,33,0.0,1.5,0.0
2830,75.0000000000008,300,0.05,0,50,0.1,0.05,0.5678445229681979,301,0.006644518272425249,10.75,13.423149108886719
2831,95.0,300,0.05,0,50,0.1,0.05,0.56764394206994,301,0.0033222591362126247,5.901960784313726,0.0
2832,652.2499999999998,55,0.05,1,50,0.1,0.05,0.5677966101694916,56,0.0,1.8064516129032258,0.0
2833,520.1999999999999,196,0.05,1,50,0.1,0.05,0.567949170490646,197,0.0,32.833333333333336,0.0
2834,602.1500000000001,57,0.05,1,50,0.1,0.05,0.5681016231474947,58,0.0,2.761904761904762,0.0
2835,583.8000000000003,124,0.05,1,50,0.1,0.05,0.5682539682539682,125,0.0,6.944444444444445,58.3970947265625
2836,-83.30000000000004,67,0.05,0,50,0.1,0.05,0.5680535966149506,67,0.0,1.763157894736842,0.0
2837,562.2500000000001,55,0.05,1,50,0.1,0.05,0.5682058512513218,56,0.03571428571428571,2.6666666666666665,0.0
2838,598.0000000000001,40,0.05,1,50,0.1,0.05,0.5683579985905567,41,0.0,2.05,0.0
2839,585.5,90,0.05,1,50,0.1,0.05,0.5685100387460373,91,0.0,5.055555555555555,0.0
2840,608.8000000000001,24,0.05,1,50,0.1,0.05,0.5686619718309859,25,0.0,1.1363636363636365,57.37047576904297
2841,285.0000000000003,300,0.05,0,50,0.1,0.05,0.5684618092221049,301,0.0033222591362126247,4.5606060606060606,0.0
2842,687.1999999999998,56,0.05,1,50,0.1,0.05,0.5686136523574947,57,0.0,1.5,0.0
2843,666.3000000000006,274,0.05,1,50,0.1,0.05,0.568765388673936,275,0.01090909090909091,5.729166666666667,0.0
2844,643.55,29,0.05,1,50,0.1,0.05,0.5689170182841069,30,0.0,1.0344827586206897,0.0
2845,667.2,56,0.05,1,50,0.1,0.05,0.5690685413005272,57,0.017543859649122806,1.5,38.937618255615234
2846,553.75,25,0.05,1,50,0.1,0.05,0.5692199578355587,26,0.0,2.3636363636363638,0.0
2847,-62.44999999999961,150,0.05,0,50,0.1,0.05,0.5690200210748156,150,0.02666666666666667,4.6875,0.0
2848,550.8000000000001,184,0.05,1,50,0.1,0.05,0.5691713483146067,185,0.0,15.416666666666666,0.0
2849,224.99999999999693,300,0.05,0,50,0.1,0.05,0.568971568971569,301,0.0,5.788461538461538,0.0
2850,625.8000000000002,84,0.05,1,50,0.1,0.05,0.5691228070175438,85,0.011764705882352941,2.8333333333333335,29.26050567626953
2851,95.00000000000075,300,0.05,0,50,0.1,0.05,0.568923184847422,301,0.0033222591362126247,4.0675675675675675,0.0
2852,74.99999999999797,300,0.05,0,50,0.1,0.05,0.5687237026647967,301,0.009966777408637873,9.121212121212121,0.0
2853,598.8000000000001,24,0.05,1,50,0.1,0.05,0.5688748685594112,25,0.0,1.25,0.0
2854,658.2999999999998,234,0.05,1,50,0.1,0.05,0.5690259285213735,235,0.0,6.911764705882353,0.0
2855,601.6500000000001,67,0.05,1,50,0.1,0.05,0.5691768826619965,68,0.0,3.238095238095238,28.96303939819336
2856,-17.049999999999343,242,0.05,0,50,0.1,0.05,0.5689775910364145,242,0.0,11.523809523809524,0.0
2857,193.69999999999902,127,0.05,0,50,0.1,0.05,0.5687784389219461,127,0.015748031496062992,1.6933333333333334,0.0
2858,611.25,275,0.05,1,50,0.1,0.05,0.5689293212036389,276,0.0,11.04,0.0
2859,92.3499999999998,54,0.05,0,50,0.1,0.05,0.5687303252885625,54,0.0,0.8709677419354839,0.0
2860,598.7,26,0.05,1,50,0.1,0.05,0.5688811188811189,27,0.0,1.35,15.467527389526367
2861,35.000000000000675,300,0.05,0,50,0.1,0.05,0.5686822789234534,301,0.006644518272425249,14.333333333333334,0.0
2862,633.25,35,0.05,1,50,0.1,0.05,0.5688329839273235,36,0.0,1.3333333333333333,0.0
2863,658.149999999999,137,0.05,1,50,0.1,0.05,0.5689835836535103,138,0.036231884057971016,2.6037735849056602,0.0
2864,682.1499999999996,57,0.05,1,50,0.1,0.05,0.5691340782122905,58,0.0,1.5675675675675675,0.0
2865,663.0999999999989,138,0.05,1,50,0.1,0.05,0.569284467713787,139,0.007194244604316547,3.6578947368421053,25.690540313720703
2866,663.3499999999999,33,0.05,1,50,0.1,0.05,0.5694347522679692,34,0.0,1.0303030303030303,0.0
2867,594.05,19,0.05,1,50,0.1,0.05,0.569584931984653,20,0.0,1.0526315789473684,0.0
2868,674.5999999999992,108,0.05,1,50,0.1,0.05,0.5697350069735007,109,0.009174311926605505,3.0277777777777777,0.0
2869,576.6000000000001,68,0.05,1,50,0.1,0.05,0.5698849773440223,69,0.0,4.3125,0.0
2870,-100.5,11,0.05,0,50,0.1,0.05,0.5696864111498258,11,0.0,5.5,38.37656784057617
2871,682.6499999999999,47,0.05,1,50,0.1,0.05,0.569836293974225,48,0.0,1.2972972972972974,0.0
2872,663.3499999999999,33,0.05,1,50,0.1,0.05,0.5699860724233984,34,0.0,1.0303030303030303,0.0
2873,603.95,21,0.05,1,50,0.1,0.05,0.5701357466063348,22,0.0,1.0476190476190477,0.0
2874,762.0499999999997,59,0.05,1,50,0.1,0.05,0.570285316631872,60,0.0,1.1320754716981132,0.0
2875,539.6,8,0.05,1,50,0.1,0.05,0.5704347826086956,9,0.0,1.125,24.38852310180664
2876,154.99999999999804,300,0.05,0,50,0.1,0.05,0.5702364394993046,301,0.009966777408637873,7.0,0.0
2877,593.5500000000001,29,0.05,1,50,0.1,0.05,0.570385818561001,30,0.0,1.5789473684210527,0.0
2878,776.6999999999997,66,0.05,1,50,0.1,0.05,0.5705350938151494,67,0.0,1.1964285714285714,0.0
2879,234.99999999999727,300,0.05,0,50,0.1,0.05,0.5703369225425495,301,0.0,5.788461538461538,0.0
2880,553.5500000000001,29,0.05,1,50,0.1,0.05,0.5704861111111111,30,0.0,2.727272727272727,37.13845443725586
2881,652.75,45,0.05,1,50,0.1,0.05,0.5706351961124609,46,0.021739130434782608,1.3142857142857143,0.0
2882,591.5500000000002,69,0.05,1,50,0.1,0.05,0.5707841776544067,70,0.0,3.6842105263157894,0.0
2883,579.3500000000001,113,0.05,1,50,0.1,0.05,0.5709330558446063,114,0.0,6.705882352941177,0.0
2884,649.1999999999989,216,0.05,1,50,0.1,0.05,0.5710818307905686,217,0.0,6.78125,0.0
2885,-80.7,15,0.05,0,50,0.1,0.05,0.5708838821490468,15,0.0,0.40540540540540543,26.61969757080078
2886,752.6999999999994,146,0.05,1,50,0.1,0.05,0.571032571032571,147,0.013605442176870748,2.45,0.0
2887,682.4499999999998,51,0.05,1,50,0.1,0.05,0.5711811569102875,52,0.0,1.4054054054054055,0.0
2888,-61.49999999999937,231,0.05,0,50,0.1,0.05,0.570983379501385,231,0.0,8.555555555555555,0.0
2889,672.6499999999999,47,0.05,1,50,0.1,0.05,0.5711318795430945,48,0.0,1.3714285714285714,0.0
2890,489.20000000000044,216,0.05,1,50,0.1,0.05,0.571280276816609,217,0.013824884792626729,18.083333333333332,21.3961181640625
2891,683.4499999999996,231,0.05,1,50,0.1,0.05,0.5714285714285714,232,0.004310344827586207,5.395348837209302,0.0
2892,234.999999999997,300,0.05,0,50,0.1,0.05,0.5712309820193637,301,0.0,5.788461538461538,0.0
2893,666.6,68,0.05,1,50,0.1,0.05,0.5713791911510543,69,0.0,2.0294117647058822,0.0
2894,-61.699999999999925,35,0.05,0,50,0.1,0.05,0.5711817553559088,35,0.0,1.0,0.0
2895,598.7,26,0.05,1,50,0.1,0.05,0.5713298791018998,27,0.0,1.35,46.44905090332031
2896,544.55,9,0.05,1,50,0.1,0.05,0.5714779005524862,10,0.0,1.1111111111111112,0.0
2897,64.19999999999925,117,0.05,0,50,0.1,0.05,0.5712806351397998,117,0.0,2.207547169811321,0.0
2898,-84.99999999999919,300,0.05,0,50,0.1,0.05,0.5710835058661146,301,0.019933554817275746,25.083333333333332,0.0
2899,70.2999999999985,195,0.05,0,50,0.1,0.05,0.5708865125905485,195,0.0,4.642857142857143,0.0
2900,608.8000000000001,24,0.05,1,50,0.1,0.05,0.5710344827586207,25,0.0,1.1363636363636365,33.614501953125
2901,663.3499999999999,33,0.05,1,50,0.1,0.05,0.5711823509134781,34,0.0,1.0303030303030303,0.0
2902,647.3000000000001,54,0.05,1,50,0.1,0.05,0.5713301171605789,55,0.01818181818181818,1.6176470588235294,0.0
2903,776.9999999999998,60,0.05,1,50,0.1,0.05,0.571477781605236,61,0.0,1.0892857142857142,0.0
2904,579.4000000000005,212,0.05,1,50,0.1,0.05,0.571625344352617,213,0.0,11.833333333333334,0.0
2905,602.7500000000001,45,0.05,1,50,0.1,0.05,0.5717728055077452,46,0.0,2.1904761904761907,27.930572509765625
2906,150.74999999999727,286,0.05,0,50,0.1,0.05,0.5715760495526497,286,0.0,5.107142857142857,0.0
2907,597.75,145,0.05,1,50,0.1,0.05,0.5717234262125903,146,0.00684931506849315,5.84,0.0
2908,643.45,31,0.05,1,50,0.1,0.05,0.5718707015130674,32,0.0,1.103448275862069,0.0
2909,599.6000000000006,208,0.05,1,50,0.1,0.05,0.5720178755586112,209,0.004784688995215311,8.038461538461538,0.0
2910,671.4499999999996,71,0.05,1,50,0.1,0.05,0.5721649484536082,72,0.0,2.057142857142857,51.986392974853516
2911,-105.80000000000004,117,0.05,0,50,0.1,0.05,0.5719683957402955,117,0.008547008547008548,2.3877551020408165,0.0
2912,636.0499999999986,179,0.05,1,50,0.1,0.05,0.5721153846153846,180,0.005555555555555556,5.454545454545454,0.0
2913,599.2500000000001,115,0.05,1,50,0.1,0.05,0.5722622725712324,116,0.0,5.523809523809524,0.0
2914,55.000000000000824,300,0.05,0,50,0.1,0.05,0.5720658888126287,301,0.0,16.72222222222222,0.0
2915,762.1499999999997,57,0.05,1,50,0.1,0.05,0.57221269296741,58,0.0,1.0943396226415094,28.95227813720703
2916,579.2,16,0.05,1,50,0.1,0.05,0.5723593964334706,17,0.0,1.0625,0.0
2917,5.1500000000005315,198,0.05,0,50,0.1,0.05,0.5721631813507028,198,0.005050505050505051,6.1875,0.0
2918,-76.65,34,0.05,0,50,0.1,0.05,0.5719671007539411,34,0.029411764705882353,0.5483870967741935,0.0
2919,-95.05,2,0.05,0,50,0.1,0.05,0.5717711545049674,2,0.0,0.05128205128205128,0.0
2920,545.1000000000006,298,0.05,1,50,0.1,0.05,0.571917808219178,299,0.0033444816053511705,24.916666666666668,67.94156646728516
2921,645.3999999999993,92,0.05,1,50,0.1,0.05,0.5720643615200274,93,0.0,3.1,0.0
2922,51.54999999999956,70,0.05,0,50,0.1,0.05,0.5718685831622177,70,0.0,1.2727272727272727,0.0
2923,730.5499999999997,89,0.05,1,50,0.1,0.05,0.5720150530277113,90,0.0,1.9148936170212767,0.0
2924,564.35,13,0.05,1,50,0.1,0.05,0.5721614227086184,14,0.0,1.0769230769230769,0.0
2925,641.4499999999996,71,0.05,1,50,0.1,0.05,0.5723076923076923,72,0.013888888888888888,2.1818181818181817,18.33216667175293
2926,566.7000000000002,66,0.05,1,50,0.1,0.05,0.5724538619275461,67,0.0,4.785714285714286,0.0
2927,511.55,69,0.05,1,50,0.1,0.05,0.5725999316706526,70,0.0,23.333333333333332,0.0
2928,559.3,14,0.05,1,50,0.1,0.05,0.5727459016393442,15,0.0,1.25,0.0
2929,54.09999999999911,119,0.05,0,50,0.1,0.05,0.5725503584841243,119,0.0,2.2452830188679247,0.0
2930,586.8000000000002,64,0.05,1,50,0.1,0.05,0.5726962457337884,65,0.0,3.611111111111111,18.362014770507812
2931,539.0,20,0.05,1,50,0.1,0.05,0.5728420334356875,21,0.0,2.625,0.0
2932,-0.04999999999974136,102,0.05,0,50,0.1,0.05,0.5726466575716235,102,0.00980392156862745,2.6842105263157894,0.0
2933,612.3500000000001,53,0.05,1,50,0.1,0.05,0.5727923627684964,54,0.037037037037037035,1.7419354838709677,0.0
2934,648.0,40,0.05,1,50,0.1,0.05,0.5729379686434901,41,0.0,1.3666666666666667,0.0
2935,-74.99999999999928,300,0.05,0,50,0.1,0.05,0.5727427597955707,301,0.023255813953488372,14.333333333333334,14.827392578125
2936,599.0,20,0.05,1,50,0.1,0.05,0.5728882833787466,21,0.0,1.05,0.0
2937,807.5499999999986,149,0.05,1,50,0.1,0.05,0.5730337078651685,150,0.0,2.380952380952381,0.0
2938,4.999999999999974,300,0.05,0,50,0.1,0.05,0.5728386657590198,301,0.0,7.717948717948718,0.0
2939,531.55,69,0.05,1,50,0.1,0.05,0.5729840081660429,70,0.014285714285714285,10.0,0.0
2940,584.05,19,0.05,1,50,0.1,0.05,0.5731292517006803,20,0.0,1.1764705882352942,13.1570405960083
2941,715.5999999999995,88,0.05,1,50,0.1,0.05,0.5732743964637879,89,0.0,2.022727272727273,0.0
2942,589.3500000000003,113,0.05,1,50,0.1,0.05,0.5734194425560843,114,0.017543859649122806,4.222222222222222,0.0
2943,254.99999999999704,300,0.05,0,50,0.1,0.05,0.5732246007475366,301,0.0,5.472727272727273,0.0
2944,563.0500000000001,39,0.05,1,50,0.1,0.05,0.5733695652173914,40,0.025,2.3529411764705883,0.0
2945,637.0499999999986,159,0.05,1,50,0.1,0.05,0.5735144312393888,160,0.00625,4.848484848484849,19.423336029052734
2946,631.9499999999997,61,0.05,1,50,0.1,0.05,0.5736591989137814,62,0.016129032258064516,2.0,0.0
2947,712.2499999999998,55,0.05,1,50,0.1,0.05,0.5738038683406854,56,0.0,1.302325581395349,0.0
2948,613.5500000000001,29,0.05,1,50,0.1,0.05,0.5739484396200815,30,0.0,1.3043478260869565,0.0
2949,683.5499999999993,229,0.05,1,50,0.1,0.05,0.5740929128518142,230,0.008695652173913044,5.348837209302325,0.0
2950,538.9,22,0.05,1,50,0.1,0.05,0.5742372881355933,23,0.043478260869565216,1.9166666666666667,21.06290626525879
2951,579.3500000000003,113,0.05,1,50,0.1,0.05,0.5743815655709928,114,0.0,6.705882352941177,0.0
2952,534.45,11,0.05,1,50,0.1,0.05,0.5745257452574526,12,0.08333333333333333,1.7142857142857142,0.0
2953,683.1499999999999,37,0.05,1,50,0.1,0.05,0.574669827294277,38,0.0,1.027027027027027,0.0
2954,647.8000000000001,44,0.05,1,50,0.1,0.05,0.5748138117806364,45,0.0,1.5,0.0
2955,630.4999999999983,190,0.05,1,50,0.1,0.05,0.5749576988155668,191,0.020942408376963352,4.340909090909091,19.720542907714844
2956,274.9999999999993,300,0.05,0,50,0.1,0.05,0.5747631935047361,301,0.006644518272425249,4.013333333333334,0.0
2957,613.35,33,0.05,1,50,0.1,0.05,0.5749070003381805,34,0.0,1.4782608695652173,0.0
2958,644.6000000000001,108,0.05,1,50,0.1,0.05,0.5750507099391481,109,0.0,3.6333333333333333,0.0
2959,26.599999999999213,269,0.05,0,50,0.1,0.05,0.5748563703954038,269,0.0,5.489795918367347,0.0
2960,-14.999999999999865,300,0.05,0,50,0.1,0.05,0.5746621621621621,301,0.009966777408637873,10.033333333333333,26.112377166748047
2961,573.6500000000001,27,0.05,1,50,0.1,0.05,0.5748058088483621,28,0.0,1.8666666666666667,0.0
2962,608.7,26,0.05,1,50,0.1,0.05,0.574949358541526,27,0.0,1.2272727272727273,0.0
2963,666.5499999999987,169,0.05,1,50,0.1,0.05,0.5750928113398582,170,0.0058823529411764705,4.358974358974359,0.0
2964,809.1499999999996,117,0.05,1,50,0.1,0.05,0.5752361673414305,118,0.0,1.873015873015873,0.0
2965,686.7,66,0.05,1,50,0.1,0.05,0.5753794266441822,67,0.0,1.763157894736842,12.46507453918457
2966,562.15,57,0.05,1,50,0.1,0.05,0.5755225893459204,58,0.0,4.461538461538462,0.0
2967,608.8000000000001,24,0.05,1,50,0.1,0.05,0.5756656555443208,25,0.0,1.1363636363636365,0.0
2968,687.5999999999999,48,0.05,1,50,0.1,0.05,0.5758086253369272,49,0.02040816326530612,1.1666666666666667,0.0
2969,648.4,32,0.05,1,50,0.1,0.05,0.5759514988211519,33,0.0,1.1,0.0
2970,224.99999999999707,300,0.05,0,50,0.1,0.05,0.5757575757575758,301,0.0033222591362126247,5.472727272727273,19.786296844482422
2971,558.1,38,0.05,1,50,0.1,0.05,0.5759003702457085,39,0.0,3.25,0.0
2972,743.0999999999993,138,0.05,1,50,0.1,0.05,0.576043068640646,139,0.02158273381294964,2.2419354838709675,0.0
2973,681.8999999999985,162,0.05,1,50,0.1,0.05,0.5761856710393541,163,0.006134969325153374,3.880952380952381,0.0
2974,811.7499999999995,65,0.05,1,50,0.1,0.05,0.5763281775386685,66,0.0,1.0476190476190477,0.0
2975,667.6499999999999,147,0.05,1,50,0.1,0.05,0.5764705882352941,148,0.02027027027027027,3.441860465116279,16.768098831176758
2976,667.4999999999999,50,0.05,1,50,0.1,0.05,0.5766129032258065,51,0.0196078431372549,1.3421052631578947,0.0
2977,174.99999999999702,300,0.05,0,50,0.1,0.05,0.5764192139737991,301,0.0,4.013333333333334,0.0
2978,577.3000000000001,54,0.05,1,50,0.1,0.05,0.5765614506380121,55,0.0,3.4375,0.0
2979,714.1999999999992,116,0.05,1,50,0.1,0.05,0.576703591809332,117,0.008547008547008548,2.4375,0.0
2980,642.0500000000001,59,0.05,1,50,0.1,0.05,0.5768456375838926,60,0.016666666666666666,1.8181818181818181,24.29859733581543
2981,-200,42,0.05,0,50,0.1,0.05,0.5766521301576653,42,0.30952380952380953,1.105263157894737,0.0
2982,564.15,17,0.05,1,50,0.1,0.05,0.5767940979208585,18,0.0,1.3846153846153846,0.0
2983,648.1,38,0.05,1,50,0.1,0.05,0.5769359704994972,39,0.0,1.3,0.0
2984,558.2,36,0.05,1,50,0.1,0.05,0.5770777479892761,37,0.0,3.0833333333333335,0.0
2985,579.0,20,0.05,1,50,0.1,0.05,0.5772194304857622,21,0.0,1.3125,27.610055923461914
2986,644.0999999999997,118,0.05,1,50,0.1,0.05,0.5773610180843939,119,0.0,3.966666666666667,0.0
2987,37.49999999999983,51,0.05,0,50,0.1,0.05,0.5771677268162035,51,0.0,1.0408163265306123,0.0
2988,683.1999999999989,136,0.05,1,50,0.1,0.05,0.5773092369477911,137,0.0072992700729927005,3.261904761904762,0.0
2989,85.00000000000081,300,0.05,0,50,0.1,0.05,0.5771160923385747,301,0.0033222591362126247,4.5606060606060606,0.0
2990,613.5500000000001,29,0.05,1,50,0.1,0.05,0.577257525083612,30,0.03333333333333333,1.1111111111111112,10.836193084716797
2991,663.1499999999999,37,0.05,1,50,0.1,0.05,0.577398863256436,38,0.0,1.1515151515151516,0.0
2992,579.2500000000002,115,0.05,1,50,0.1,0.05,0.5775401069518716,116,0.0,6.823529411764706,0.0
2993,721.7000000000002,166,0.05,1,50,0.1,0.05,0.5776812562646174,167,0.0,3.630434782608696,0.0
2994,552.05,59,0.05,1,50,0.1,0.05,0.5778223112892451,60,0.0,5.454545454545454,0.0
2995,539.6,8,0.05,1,50,0.1,0.05,0.5779632721202004,9,0.0,1.125,12.511366844177246
2996,234.9999999999972,300,0.05,0,50,0.1,0.05,0.5777703604806409,301,0.0,5.788461538461538,0.0
2997,546.7000000000002,66,0.05,1,50,0.1,0.05,0.5779112445779112,67,0.0,6.7,0.0
2998,608.3000000000001,34,0.05,1,50,0.1,0.05,0.5780520346897932,35,0.02857142857142857,1.3461538461538463,0.0
2999,577.6500000000003,147,0.05,1,50,0.1,0.05,0.5781927309103034,148,0.0,8.705882352941176,0.0
3000,-31.149999999999693,124,0.05,0,50,0.1,0.05,0.578,124,0.0,6.888888888888889,11.461684226989746
